AdvancedAvocadoAgent;Ag2O;Baseline1;Baseline2;ByteRL;Chad;Coac;DrainPower;DrainPowerAggressive;LANE\\_1\\_0;OneLaneIsEnough;ReinforcedGreediness
  9.09; 18.18; 18.18; 22.73; 90.91; 68.18; 81.82; 77.27; 77.27; 36.36; 59.09; 40.91
 18.18; 15.91; 13.64; 22.73; 93.18; 68.18; 77.27; 72.73; 72.73; 36.36; 61.36; 47.73
 16.67; 16.67; 15.15; 19.70; 92.42; 63.64; 77.27; 77.27; 72.73; 39.39; 62.12; 46.97
 20.45; 13.64; 13.64; 19.32; 92.05; 60.23; 77.27; 76.14; 73.86; 43.18; 62.50; 47.73
 18.18; 16.36; 14.55; 18.18; 90.00; 63.64; 75.45; 78.18; 75.45; 41.82; 60.00; 48.18
 17.42; 16.67; 13.64; 18.18; 91.67; 64.39; 75.76; 75.00; 73.48; 42.42; 63.64; 47.73
 16.23; 16.23; 16.88; 18.83; 91.56; 64.29; 75.97; 75.97; 74.03; 40.91; 63.64; 45.45
 17.05; 15.91; 17.05; 20.45; 92.05; 66.48; 75.57; 74.43; 73.30; 38.07; 63.07; 46.59
 17.17; 16.67; 17.68; 19.70; 92.42; 65.66; 75.76; 75.25; 73.74; 39.39; 61.11; 45.45
 17.73; 16.82; 16.82; 20.91; 92.27; 65.45; 75.00; 74.09; 73.18; 39.55; 60.91; 47.27
 17.36; 16.53; 17.36; 21.07; 91.74; 64.05; 74.38; 75.62; 73.97; 39.67; 61.16; 47.11
 18.18; 16.67; 18.18; 20.83; 92.42; 65.15; 73.86; 74.62; 72.73; 39.39; 61.36; 46.59
 17.48; 17.48; 18.53; 20.98; 92.31; 64.69; 74.83; 74.48; 72.38; 38.81; 61.19; 46.85
 18.18; 16.88; 18.83; 21.43; 92.86; 64.94; 73.38; 74.68; 71.75; 38.31; 61.04; 47.73
 17.58; 16.67; 19.39; 21.82; 93.03; 64.85; 72.42; 74.55; 73.33; 38.18; 59.70; 48.48
 18.47; 16.48; 18.75; 22.73; 93.18; 64.77; 71.31; 73.86; 73.30; 38.35; 60.51; 48.30
 18.45; 16.84; 18.72; 22.99; 93.05; 64.17; 71.66; 73.80; 73.53; 39.57; 60.16; 47.06
 17.93; 16.41; 18.43; 23.23; 93.43; 64.39; 71.72; 73.23; 72.98; 40.40; 59.85; 47.98
 17.70; 16.27; 18.18; 23.92; 93.54; 64.11; 71.53; 73.21; 72.73; 40.19; 60.53; 48.09
 17.50; 16.59; 18.41; 24.09; 93.86; 64.55; 71.36; 72.50; 72.27; 40.00; 60.23; 48.64
 17.10; 16.88; 18.61; 23.81; 93.94; 64.29; 71.43; 72.73; 72.29; 39.83; 60.17; 48.92
 17.56; 17.36; 18.39; 23.55; 94.21; 64.26; 71.90; 72.11; 72.11; 39.05; 59.92; 49.59
 17.79; 17.19; 18.18; 23.52; 94.07; 64.43; 71.15; 72.13; 72.53; 39.33; 60.08; 49.60
 17.99; 17.23; 18.56; 23.11; 94.13; 64.02; 71.40; 71.59; 72.92; 38.45; 60.80; 49.81
 17.64; 17.27; 18.36; 23.09; 94.18; 63.82; 71.09; 71.82; 73.27; 38.55; 61.09; 49.82
 17.66; 17.48; 18.36; 22.38; 93.88; 64.16; 71.50; 71.68; 73.78; 38.64; 60.84; 49.65
 17.51; 17.68; 18.35; 22.22; 94.11; 63.97; 71.38; 71.72; 74.07; 38.89; 60.44; 49.66
 17.53; 17.86; 18.51; 22.08; 93.99; 63.96; 71.59; 71.92; 74.03; 39.12; 59.90; 49.51
 17.40; 17.71; 18.34; 21.94; 93.73; 64.26; 71.47; 72.41; 73.98; 39.18; 60.19; 49.37
 17.42; 18.18; 18.79; 21.67; 93.79; 63.94; 71.67; 72.58; 73.79; 38.64; 60.45; 49.09
 17.30; 18.48; 18.62; 21.70; 93.70; 63.34; 71.41; 72.87; 74.19; 38.71; 60.41; 49.27
 18.04; 18.32; 18.75; 21.73; 93.75; 63.64; 71.59; 72.73; 74.15; 38.21; 59.80; 49.29
 17.77; 18.32; 18.87; 22.04; 93.66; 63.22; 71.63; 72.73; 74.52; 38.98; 59.23; 49.04
 18.45; 18.45; 18.85; 21.79; 93.72; 62.70; 71.79; 72.86; 74.20; 38.90; 59.49; 48.80
 18.57; 18.31; 18.70; 21.69; 93.64; 62.60; 71.82; 72.73; 74.29; 39.09; 59.35; 49.22
 18.43; 18.56; 18.81; 21.59; 93.69; 62.50; 71.84; 72.47; 74.37; 39.02; 59.47; 49.24
 18.67; 18.43; 18.80; 21.87; 93.73; 62.16; 71.87; 72.60; 74.32; 39.19; 59.21; 49.14
 18.90; 18.54; 18.90; 21.89; 93.78; 62.20; 72.25; 72.73; 74.04; 39.11; 58.85; 48.80
 18.65; 18.76; 18.88; 21.68; 93.71; 62.00; 72.38; 72.96; 74.36; 39.04; 58.74; 48.83
 18.75; 18.64; 18.98; 21.48; 93.86; 61.93; 72.39; 73.18; 74.32; 38.98; 58.52; 48.98
 18.63; 18.74; 19.40; 21.29; 94.01; 61.86; 71.95; 73.17; 74.50; 38.69; 58.65; 49.11
 18.72; 18.83; 19.48; 21.32; 94.16; 62.34; 71.65; 72.94; 74.35; 38.42; 58.33; 49.46
 18.60; 18.92; 19.87; 21.04; 94.19; 62.37; 71.56; 73.26; 74.52; 38.16; 57.82; 49.68
 18.80; 18.80; 20.04; 21.18; 94.32; 62.60; 71.28; 73.24; 74.48; 38.02; 57.44; 49.79
 18.69; 18.48; 20.00; 21.21; 94.24; 62.93; 71.01; 73.33; 74.95; 37.98; 57.17; 50.00
 18.58; 18.28; 20.06; 21.34; 94.37; 62.94; 70.65; 73.32; 74.90; 37.94; 57.31; 50.30
 18.38; 18.28; 20.31; 21.37; 94.39; 62.77; 70.41; 73.60; 75.05; 38.10; 57.16; 50.19
 18.56; 18.18; 20.08; 21.40; 94.41; 63.16; 70.08; 73.67; 75.00; 37.97; 57.01; 50.47
 18.18; 18.37; 20.13; 21.61; 94.25; 63.08; 70.13; 73.75; 75.32; 37.94; 56.68; 50.56
 18.36; 18.36; 20.00; 21.45; 94.27; 63.45; 69.64; 73.91; 75.18; 38.36; 56.36; 50.64
 18.36; 18.36; 20.05; 21.48; 94.21; 63.46; 69.61; 74.33; 75.22; 38.15; 56.06; 50.71
 18.53; 18.18; 20.10; 21.42; 94.23; 63.72; 69.23; 74.30; 75.44; 37.94; 56.03; 50.87
 18.44; 18.35; 19.90; 21.44; 94.25; 63.98; 69.04; 74.27; 75.47; 37.82; 56.09; 50.94
 18.69; 18.43; 20.03; 21.38; 94.36; 64.14; 68.52; 74.24; 75.51; 37.63; 55.98; 51.09
 18.43; 18.43; 20.00; 21.49; 94.38; 64.38; 67.93; 74.46; 75.54; 37.77; 56.12; 51.07
 18.51; 18.43; 20.13; 21.35; 94.32; 64.77; 67.61; 74.27; 75.65; 37.66; 56.01; 51.30
 18.34; 18.50; 20.26; 21.37; 94.42; 64.99; 67.46; 74.32; 75.60; 37.48; 55.90; 51.36
 18.57; 18.42; 20.45; 21.32; 94.44; 65.13; 67.16; 74.45; 75.71; 37.30; 55.49; 51.57
 18.64; 18.41; 20.49; 21.57; 94.45; 65.02; 67.26; 74.65; 75.73; 37.06; 55.24; 51.46
 18.64; 18.26; 20.45; 21.74; 94.39; 65.38; 67.05; 74.70; 75.76; 36.97; 55.23; 51.44
 18.78; 18.18; 20.49; 22.06; 94.41; 65.35; 66.99; 74.89; 75.48; 36.81; 55.14; 51.42
 18.91; 18.04; 20.45; 22.29; 94.43; 65.32; 67.01; 75.00; 75.73; 36.73; 54.99; 51.10
 18.69; 18.25; 20.35; 22.44; 94.37; 65.58; 67.10; 74.68; 75.69; 36.72; 54.91; 51.23
 18.68; 18.32; 20.45; 22.16; 94.32; 65.70; 67.05; 74.93; 75.64; 36.86; 54.83; 51.07
 18.74; 18.32; 20.63; 22.24; 94.13; 66.08; 66.99; 74.69; 75.66; 36.64; 54.83; 51.05
 18.60; 18.18; 20.73; 22.25; 94.01; 65.91; 67.08; 74.79; 75.90; 36.64; 54.89; 51.03
 18.59; 18.39; 20.62; 22.39; 94.10; 66.01; 67.03; 74.76; 75.78; 36.57; 54.88; 50.88
 18.65; 18.38; 20.66; 22.33; 94.12; 65.78; 67.11; 74.93; 75.87; 36.56; 54.68; 50.94
 18.58; 18.38; 20.82; 22.46; 94.20; 65.94; 67.13; 74.64; 75.82; 36.43; 54.68; 50.92
 18.70; 18.31; 20.97; 22.66; 94.09; 65.84; 67.01; 74.87; 75.91; 36.36; 54.29; 50.97
 18.82; 18.31; 21.00; 22.60; 94.05; 65.94; 66.90; 74.78; 75.99; 36.30; 54.23; 51.09
 18.88; 18.24; 20.96; 22.47; 93.94; 66.04; 66.92; 75.00; 76.07; 36.24; 54.04; 51.20
 18.80; 18.18; 20.92; 22.60; 94.02; 66.25; 66.87; 74.72; 76.15; 36.18; 53.99; 51.31
 18.92; 18.24; 20.88; 22.73; 93.86; 66.22; 66.83; 75.00; 76.04; 36.24; 54.05; 50.98
 19.03; 18.18; 21.03; 22.97; 93.94; 66.30; 66.79; 74.85; 75.82; 35.94; 54.12; 51.03
 19.14; 18.00; 21.11; 22.85; 93.96; 66.33; 66.87; 74.82; 75.72; 36.06; 54.19; 50.96
 19.07; 18.00; 21.19; 22.90; 94.04; 66.59; 66.77; 74.73; 75.62; 36.01; 54.07; 51.00
 19.11; 17.89; 21.15; 22.90; 94.06; 66.55; 66.67; 74.94; 75.58; 35.96; 54.08; 51.11
 19.22; 18.07; 21.12; 22.96; 94.07; 66.74; 66.74; 74.68; 75.32; 35.79; 53.91; 51.38
 19.26; 18.01; 21.19; 22.90; 94.03; 66.76; 66.82; 74.77; 75.34; 35.85; 53.64; 51.42
 19.08; 18.13; 21.16; 23.12; 94.05; 66.72; 67.06; 74.75; 75.36; 35.63; 53.59; 51.35
 19.12; 18.02; 21.12; 23.17; 94.12; 66.69; 67.02; 74.78; 75.33; 35.64; 53.66; 51.33
 19.22; 17.96; 21.14; 23.22; 94.14; 66.70; 67.03; 74.70; 75.47; 35.38; 53.72; 51.31
 19.32; 17.80; 21.16; 23.32; 94.21; 66.72; 66.94; 74.73; 75.43; 35.50; 53.68; 51.19
 19.30; 17.91; 21.23; 23.10; 94.28; 66.74; 67.01; 74.81; 75.29; 35.51; 53.69; 51.12
 19.45; 17.76; 21.14; 23.15; 94.29; 66.75; 66.97; 74.95; 75.26; 35.62; 53.65; 51.00
 19.38; 17.82; 21.11; 23.25; 94.31; 66.82; 66.93; 74.92; 75.18; 35.58; 53.81; 50.89
 19.58; 17.72; 21.02; 23.30; 94.32; 66.79; 66.99; 74.95; 75.10; 35.59; 53.77; 50.88
 19.51; 17.72; 20.99; 23.24; 94.33; 66.96; 67.06; 74.87; 74.97; 35.50; 54.03; 50.82
 19.49; 17.63; 21.01; 23.18; 94.34; 67.02; 67.07; 74.85; 74.95; 35.66; 53.99; 50.81
 19.53; 17.58; 21.08; 23.13; 94.41; 67.13; 67.08; 74.88; 74.98; 35.61; 53.85; 50.75
 19.76; 17.54; 21.10; 23.17; 94.47; 67.00; 67.09; 74.85; 74.85; 35.62; 53.66; 50.89
 19.75; 17.74; 21.21; 23.02; 94.48; 67.01; 67.11; 74.78; 74.98; 35.53; 53.71; 50.68
 19.97; 17.65; 21.18; 23.07; 94.49; 66.97; 67.26; 74.81; 74.81; 35.64; 53.58; 50.58
 19.86; 17.75; 21.15; 23.06; 94.55; 66.99; 67.42; 74.69; 74.64; 35.60; 53.78; 50.53
 20.08; 17.61; 21.07; 23.06; 94.55; 67.05; 67.47; 74.62; 74.48; 35.65; 53.74; 50.62
 20.06; 17.62; 21.13; 23.01; 94.61; 67.06; 67.48; 74.51; 74.55; 35.57; 53.84; 50.56
 20.04; 17.58; 21.20; 23.14; 94.62; 66.93; 67.44; 74.40; 74.54; 35.48; 53.94; 50.70
 19.93; 17.68; 21.17; 23.19; 94.58; 66.90; 67.54; 74.52; 74.52; 35.45; 53.90; 50.64
 19.95; 17.64; 21.09; 23.18; 94.59; 66.82; 67.55; 74.64; 74.41; 35.55; 53.91; 50.68
 19.89; 17.73; 21.02; 23.18; 94.55; 66.92; 67.60; 74.62; 74.44; 35.60; 53.78; 50.68
 19.96; 17.74; 21.08; 23.08; 94.56; 67.02; 67.56; 74.60; 74.47; 35.61; 53.70; 50.62
 20.04; 17.70; 20.96; 22.99; 94.62; 67.17; 67.56; 74.54; 74.49; 35.61; 53.66; 50.66
 20.02; 17.70; 21.11; 22.90; 94.58; 67.05; 67.61; 74.56; 74.43; 35.71; 53.58; 50.74
 20.04; 17.75; 21.00; 22.81; 94.55; 67.06; 67.71; 74.63; 74.50; 35.67; 53.51; 50.78
 20.03; 17.84; 21.10; 22.64; 94.55; 67.20; 67.71; 74.61; 74.40; 35.68; 53.60; 50.64
 19.88; 17.84; 21.07; 22.68; 94.56; 67.12; 67.67; 74.60; 74.43; 35.64; 53.78; 50.72
 19.91; 17.80; 21.09; 22.56; 94.53; 67.17; 67.63; 74.62; 74.49; 35.69; 53.87; 50.63
 19.85; 17.81; 21.10; 22.56; 94.41; 67.22; 67.72; 74.65; 74.52; 35.61; 53.88; 50.67
 19.92; 17.93; 21.16; 22.48; 94.42; 67.23; 67.77; 74.67; 74.50; 35.58; 53.80; 50.54
 19.82; 17.98; 21.13; 22.56; 94.47; 67.32; 67.73; 74.61; 74.57; 35.50; 53.69; 50.61
 19.81; 18.02; 21.19; 22.48; 94.44; 67.33; 67.74; 74.55; 74.63; 35.35; 53.86; 50.61
 19.79; 17.94; 21.12; 22.53; 94.45; 67.30; 67.78; 74.62; 74.66; 35.32; 53.82; 50.68
 19.94; 17.94; 21.21; 22.37; 94.50; 67.26; 67.86; 74.56; 74.56; 35.25; 53.87; 50.68
 19.88; 17.94; 21.23; 22.33; 94.51; 67.23; 67.79; 74.58; 74.58; 35.14; 53.95; 50.83
 19.87; 17.87; 21.28; 22.30; 94.51; 67.36; 67.79; 74.57; 74.69; 35.11; 53.84; 50.82
 19.85; 17.79; 21.25; 22.22; 94.56; 67.40; 67.79; 74.59; 74.75; 35.08; 53.89; 50.82
 19.88; 17.95; 21.19; 22.15; 94.61; 67.45; 67.76; 74.61; 74.81; 35.05; 53.85; 50.69
 19.86; 17.95; 21.08; 22.15; 94.65; 67.42; 67.57; 74.64; 74.87; 35.06; 53.97; 50.76
 20.00; 17.99; 21.06; 22.05; 94.66; 67.42; 67.50; 74.62; 74.89; 35.00; 54.02; 50.80
 19.95; 17.84; 21.19; 22.16; 94.70; 67.32; 67.43; 74.61; 75.02; 35.01; 53.98; 50.79
 20.04; 17.77; 21.09; 22.13; 94.63; 67.25; 67.55; 74.66; 75.04; 35.10; 53.99; 50.75
 20.03; 17.78; 21.10; 22.14; 94.57; 67.26; 67.59; 74.69; 75.06; 35.11; 53.95; 50.74
 20.05; 17.82; 21.04; 22.07; 94.57; 67.23; 67.67; 74.63; 75.07; 35.23; 53.89; 50.73
 19.96; 17.78; 21.05; 22.15; 94.58; 67.20; 67.64; 74.65; 75.05; 35.31; 53.85; 50.76
 19.99; 17.86; 21.03; 22.11; 94.62; 67.17; 67.60; 74.75; 75.04; 35.32; 53.86; 50.65
 19.94; 17.86; 21.01; 22.23; 94.67; 67.11; 67.68; 74.80; 75.02; 35.36; 53.79; 50.54
 20.03; 17.97; 20.99; 22.12; 94.71; 67.08; 67.61; 74.75; 74.93; 35.40; 53.84; 50.57
 20.05; 17.94; 20.97; 22.20; 94.75; 67.09; 67.62; 74.77; 74.88; 35.31; 53.88; 50.56
 20.10; 17.94; 20.94; 22.13; 94.76; 67.06; 67.55; 74.83; 74.93; 35.24; 53.95; 50.56
 20.06; 17.83; 21.03; 22.17; 94.80; 67.18; 67.52; 74.88; 74.91; 35.15; 53.89; 50.59
 20.11; 17.87; 20.94; 22.14; 94.80; 67.15; 67.53; 75.00; 74.90; 35.16; 53.93; 50.48
 20.06; 17.74; 21.09; 22.11; 94.84; 67.22; 67.53; 74.95; 74.88; 35.24; 53.86; 50.48
 20.08; 17.77; 21.07; 22.05; 94.84; 67.10; 67.57; 75.00; 74.80; 35.35; 53.93; 50.44
 20.10; 17.71; 21.14; 22.12; 94.88; 67.07; 67.47; 74.98; 74.75; 35.35; 54.07; 50.34
 20.09; 17.78; 21.12; 22.09; 94.79; 67.01; 67.55; 74.97; 74.73; 35.39; 54.14; 50.33
 20.07; 17.75; 21.10; 22.10; 94.79; 66.99; 67.52; 75.02; 74.72; 35.50; 54.08; 50.36
 20.13; 17.72; 21.05; 22.10; 94.73; 66.90; 67.56; 75.03; 74.80; 35.54; 54.02; 50.43
 20.08; 17.66; 21.16; 22.01; 94.77; 66.87; 67.53; 75.08; 74.82; 35.61; 53.96; 50.46
 20.10; 17.60; 21.14; 22.05; 94.71; 66.85; 67.47; 75.06; 74.84; 35.75; 53.96; 50.49
 20.08; 17.57; 21.28; 22.02; 94.71; 66.86; 67.44; 75.08; 74.89; 35.69; 54.00; 50.39
 20.10; 17.54; 21.22; 22.06; 94.75; 66.93; 67.35; 75.03; 74.81; 35.66; 54.10; 50.45
 20.03; 17.64; 21.20; 22.06; 94.72; 66.94; 67.39; 75.11; 74.86; 35.57; 54.13; 50.35
 20.11; 17.61; 21.21; 22.00; 94.73; 66.95; 67.33; 75.06; 74.81; 35.64; 54.10; 50.44
 20.03; 17.65; 21.19; 22.10; 94.73; 66.93; 67.37; 75.08; 74.83; 35.64; 54.04; 50.41
 20.11; 17.62; 21.11; 22.23; 94.71; 66.97; 67.28; 75.00; 74.78; 35.55; 54.14; 50.50
 20.16; 17.53; 21.18; 22.23; 94.71; 66.98; 67.32; 75.05; 74.83; 35.47; 54.08; 50.46
 20.06; 17.57; 21.13; 22.27; 94.72; 66.95; 67.35; 75.00; 74.75; 35.50; 54.18; 50.52
 20.04; 17.63; 21.17; 22.24; 94.72; 66.87; 67.39; 75.02; 74.86; 35.42; 54.15; 50.49
 20.06; 17.61; 21.18; 22.24; 94.76; 66.94; 67.24; 74.97; 74.88; 35.39; 54.15; 50.58
 20.11; 17.67; 21.28; 22.19; 94.79; 66.98; 67.19; 75.02; 74.89; 35.34; 54.09; 50.45
 20.07; 17.76; 21.26; 22.22; 94.80; 67.05; 67.11; 74.94; 74.85; 35.44; 53.98; 50.54
 20.11; 17.83; 21.33; 22.19; 94.77; 67.05; 67.11; 74.99; 74.96; 35.26; 53.89; 50.51
 20.13; 17.77; 21.31; 22.26; 94.78; 67.09; 67.06; 74.88; 74.82; 35.30; 53.96; 50.65
 20.15; 17.77; 21.35; 22.20; 94.78; 67.10; 67.04; 74.96; 74.87; 35.19; 53.96; 50.65
 20.08; 17.72; 21.36; 22.32; 94.78; 67.19; 66.87; 74.91; 74.83; 35.17; 53.96; 50.82
 20.09; 17.72; 21.34; 22.29; 94.73; 67.14; 66.94; 74.99; 74.93; 35.12; 53.88; 50.84
 20.05; 17.72; 21.32; 22.27; 94.71; 67.20; 66.83; 74.94; 74.86; 35.21; 53.91; 50.98
 20.04; 17.81; 21.27; 22.18; 94.71; 67.24; 66.78; 74.96; 74.93; 35.19; 53.95; 50.94
 20.00; 17.78; 21.28; 22.27; 94.69; 67.33; 66.62; 74.94; 74.80; 35.17; 54.03; 51.08
 20.05; 17.73; 21.23; 22.25; 94.66; 67.42; 66.63; 75.01; 74.79; 35.18; 53.95; 51.10
 20.03; 17.73; 21.24; 22.25; 94.67; 67.54; 66.72; 74.97; 74.72; 35.10; 53.87; 51.15
 20.02; 17.82; 21.19; 22.20; 94.65; 67.57; 66.68; 74.96; 74.79; 35.11; 53.82; 51.20
 20.01; 17.85; 21.29; 22.12; 94.65; 67.63; 66.60; 75.00; 74.78; 35.09; 53.82; 51.16
 20.08; 17.91; 21.18; 22.04; 94.66; 67.69; 66.58; 75.04; 74.77; 35.10; 53.77; 51.18
 20.04; 17.91; 21.25; 21.99; 94.69; 67.72; 66.54; 75.03; 74.78; 34.99; 53.83; 51.23
 20.09; 17.96; 21.18; 21.94; 94.61; 67.83; 66.52; 75.10; 74.82; 34.98; 53.78; 51.20
 20.08; 17.91; 21.27; 21.97; 94.51; 67.83; 66.50; 75.16; 74.86; 34.90; 53.90; 51.11
 20.09; 17.89; 21.27; 21.95; 94.54; 67.86; 66.49; 75.20; 74.91; 34.88; 53.90; 51.02
 20.11; 17.83; 21.34; 21.90; 94.49; 67.97; 66.55; 75.16; 74.92; 34.76; 53.93; 51.04
 20.23; 17.78; 21.29; 21.82; 94.50; 68.02; 66.59; 75.17; 74.93; 34.74; 53.91; 51.01
 20.24; 17.73; 21.33; 21.75; 94.48; 68.02; 66.65; 75.24; 74.97; 34.70; 53.94; 50.95
 20.26; 17.71; 21.31; 21.68; 94.48; 68.02; 66.66; 75.25; 75.04; 34.73; 53.94; 50.92
 20.27; 17.63; 21.34; 21.66; 94.38; 68.03; 66.72; 75.24; 75.10; 34.67; 54.08; 50.89
 20.34; 17.66; 21.25; 21.64; 94.36; 68.13; 66.62; 75.25; 75.14; 34.65; 54.08; 50.88
 20.35; 17.67; 21.26; 21.67; 94.34; 68.18; 66.61; 75.18; 75.23; 34.53; 54.11; 50.88
 20.49; 17.64; 21.19; 21.62; 94.38; 68.18; 66.56; 75.22; 75.27; 34.54; 54.03; 50.87
 20.48; 17.65; 21.20; 21.60; 94.36; 68.21; 66.52; 75.28; 75.31; 34.53; 54.06; 50.82
 20.54; 17.62; 21.18; 21.53; 94.36; 68.28; 66.48; 75.19; 75.34; 34.56; 54.06; 50.84
 20.48; 17.55; 21.24; 21.57; 94.34; 68.33; 66.52; 75.25; 75.25; 34.55; 54.07; 50.86
 20.42; 17.50; 21.30; 21.67; 94.37; 68.41; 66.50; 75.21; 75.26; 34.53; 54.02; 50.80
 20.35; 17.58; 21.23; 21.70; 94.41; 68.38; 66.53; 75.20; 75.25; 34.52; 54.02; 50.82
 20.27; 17.59; 21.21; 21.83; 94.34; 68.43; 66.57; 75.14; 75.24; 34.53; 54.05; 50.82
 20.23; 17.56; 21.22; 21.81; 94.34; 68.45; 66.60; 75.10; 75.25; 34.51; 54.03; 50.89
 20.17; 17.54; 21.28; 21.82; 94.32; 68.50; 66.61; 75.09; 75.23; 34.52; 54.03; 50.88
 20.14; 17.57; 21.24; 21.85; 94.33; 68.48; 66.67; 75.05; 75.27; 34.53; 54.03; 50.86
 20.10; 17.53; 21.27; 21.95; 94.31; 68.52; 66.75; 74.94; 75.18; 34.54; 54.11; 50.80
 20.00; 17.58; 21.25; 22.10; 94.32; 68.47; 66.80; 74.98; 75.15; 34.48; 54.06; 50.82
 19.96; 17.51; 21.26; 22.17; 94.32; 68.52; 66.79; 74.94; 75.20; 34.49; 54.02; 50.82
 19.93; 17.58; 21.22; 22.20; 94.35; 68.42; 66.84; 74.95; 75.17; 34.43; 54.07; 50.84
 19.90; 17.54; 21.20; 22.23; 94.31; 68.47; 66.87; 74.94; 75.18; 34.46; 54.07; 50.83
 19.82; 17.52; 21.19; 22.32; 94.32; 68.44; 66.88; 75.00; 75.24; 34.45; 54.00; 50.83
 19.81; 17.45; 21.20; 22.37; 94.35; 68.49; 66.84; 75.01; 75.20; 34.41; 54.07; 50.80
 19.75; 17.41; 21.18; 22.45; 94.38; 68.42; 66.89; 75.00; 75.16; 34.44; 54.08; 50.84
 19.72; 17.39; 21.19; 22.47; 94.38; 68.48; 67.04; 74.94; 75.10; 34.41; 54.01; 50.86
 19.71; 17.49; 21.15; 22.52; 94.41; 68.46; 67.05; 74.93; 75.12; 34.32; 54.04; 50.81
 19.73; 17.47; 21.14; 22.57; 94.42; 68.57; 67.05; 74.90; 75.03; 34.26; 54.08; 50.78
 19.65; 17.49; 21.19; 22.57; 94.42; 68.60; 67.03; 74.95; 74.98; 34.27; 54.04; 50.80
 19.74; 17.41; 21.15; 22.59; 94.43; 68.62; 67.11; 74.97; 75.01; 34.26; 53.97; 50.75
 19.68; 17.41; 21.11; 22.61; 94.41; 68.57; 67.18; 74.95; 75.05; 34.25; 54.02; 50.75
 19.70; 17.41; 21.19; 22.55; 94.41; 68.57; 67.21; 74.97; 75.08; 34.22; 54.03; 50.68
 19.73; 17.44; 21.17; 22.52; 94.44; 68.56; 67.17; 75.00; 75.02; 34.18; 54.01; 50.74
 19.73; 17.44; 21.16; 22.48; 94.42; 68.58; 67.20; 74.99; 75.08; 34.19; 53.99; 50.74
 19.67; 17.49; 21.17; 22.44; 94.45; 68.58; 67.13; 74.98; 75.13; 34.20; 53.97; 50.78
 19.71; 17.49; 21.22; 22.37; 94.46; 68.58; 67.14; 75.01; 75.14; 34.12; 53.97; 50.78
 19.77; 17.45; 21.25; 22.33; 94.46; 68.51; 67.17; 74.98; 75.11; 34.16; 53.93; 50.88
 19.74; 17.41; 21.32; 22.29; 94.44; 68.56; 67.13; 75.01; 75.10; 34.12; 54.02; 50.86
 19.71; 17.42; 21.39; 22.25; 94.45; 68.64; 67.07; 75.00; 75.04; 34.09; 54.02; 50.92
 19.70; 17.44; 21.49; 22.23; 94.45; 68.62; 67.07; 75.01; 75.05; 33.99; 54.07; 50.87
 19.70; 17.45; 21.45; 22.21; 94.48; 68.61; 67.01; 75.00; 75.09; 34.05; 54.03; 50.93
 19.69; 17.45; 21.46; 22.15; 94.44; 68.63; 67.06; 75.05; 75.10; 34.04; 53.99; 50.95
 19.75; 17.45; 21.48; 22.15; 94.47; 68.65; 66.96; 74.96; 75.17; 34.01; 53.92; 51.03
 19.78; 17.46; 21.51; 22.09; 94.47; 68.63; 66.97; 74.97; 75.22; 33.97; 53.95; 50.98
 19.75; 17.50; 21.45; 22.18; 94.50; 68.65; 66.91; 74.96; 75.19; 34.01; 53.87; 51.04
 19.75; 17.48; 21.48; 22.18; 94.48; 68.65; 67.00; 74.95; 75.26; 34.00; 53.74; 51.04
 19.78; 17.49; 21.46; 22.14; 94.51; 68.67; 66.92; 74.92; 75.23; 34.01; 53.77; 51.12
 19.82; 17.45; 21.51; 22.10; 94.49; 68.71; 66.95; 74.84; 75.30; 33.98; 53.79; 51.07
 19.83; 17.45; 21.52; 22.08; 94.52; 68.77; 66.83; 74.87; 75.29; 34.01; 53.79; 51.04
 19.82; 17.43; 21.56; 22.02; 94.50; 68.78; 66.87; 74.84; 75.36; 33.98; 53.76; 51.06
 19.81; 17.50; 21.53; 22.07; 94.52; 68.78; 66.84; 74.81; 75.35; 33.95; 53.72; 51.12
 19.81; 17.52; 21.51; 22.03; 94.51; 68.76; 66.91; 74.76; 75.36; 33.98; 53.74; 51.11
 19.80; 17.55; 21.48; 21.97; 94.53; 68.69; 66.91; 74.77; 75.35; 34.05; 53.83; 51.06
 19.77; 17.55; 21.48; 21.99; 94.50; 68.63; 67.00; 74.75; 75.34; 34.08; 53.89; 51.02
 19.76; 17.57; 21.47; 21.92; 94.46; 68.55; 67.03; 74.72; 75.39; 34.21; 53.94; 50.99
 19.72; 17.62; 21.52; 21.88; 94.42; 68.53; 67.09; 74.67; 75.39; 34.20; 54.00; 50.97
 19.71; 17.64; 21.50; 21.80; 94.41; 68.46; 67.12; 74.68; 75.38; 34.31; 54.08; 50.91
 19.74; 17.64; 21.43; 21.77; 94.39; 68.40; 67.12; 74.71; 75.39; 34.38; 54.14; 50.88
 19.80; 17.60; 21.41; 21.69; 94.36; 68.34; 67.19; 74.72; 75.44; 34.43; 54.17; 50.86
 19.79; 17.55; 21.42; 21.70; 94.34; 68.28; 67.25; 74.73; 75.43; 34.52; 54.13; 50.87
 19.78; 17.53; 21.38; 21.64; 94.31; 68.24; 67.31; 74.76; 75.45; 34.57; 54.13; 50.89
 19.72; 17.53; 21.37; 21.74; 94.31; 68.22; 67.34; 74.73; 75.42; 34.55; 54.17; 50.89
 19.69; 17.55; 21.38; 21.67; 94.32; 68.12; 67.36; 74.75; 75.45; 34.66; 54.19; 50.86
 19.66; 17.54; 21.34; 21.69; 94.30; 68.14; 67.42; 74.74; 75.46; 34.72; 54.17; 50.80
 19.70; 17.56; 21.33; 21.62; 94.27; 68.10; 67.46; 74.75; 75.47; 34.77; 54.16; 50.82
 19.71; 17.54; 21.35; 21.62; 94.27; 68.05; 67.47; 74.78; 75.45; 34.80; 54.16; 50.79
 19.70; 17.51; 21.34; 21.59; 94.26; 68.05; 67.47; 74.81; 75.44; 34.82; 54.20; 50.81
 19.68; 17.49; 21.33; 21.56; 94.23; 68.01; 67.57; 74.84; 75.43; 34.85; 54.22; 50.81
 19.69; 17.49; 21.29; 21.49; 94.19; 67.99; 67.61; 74.85; 75.34; 34.97; 54.26; 50.82
 19.68; 17.52; 21.24; 21.55; 94.16; 67.93; 67.61; 74.84; 75.41; 34.99; 54.22; 50.84
 19.70; 17.56; 21.23; 21.50; 94.11; 67.90; 67.63; 74.77; 75.45; 35.02; 54.24; 50.89
 19.67; 17.52; 21.22; 21.48; 94.08; 67.94; 67.65; 74.75; 75.44; 35.06; 54.32; 50.87
 19.68; 17.54; 21.21; 21.53; 94.06; 67.88; 67.64; 74.74; 75.49; 35.07; 54.30; 50.86
 19.62; 17.51; 21.23; 21.53; 94.05; 67.92; 67.66; 74.78; 75.46; 35.07; 54.28; 50.88
 19.60; 17.59; 21.26; 21.52; 94.06; 67.87; 67.62; 74.76; 75.48; 35.08; 54.27; 50.91
 19.57; 17.59; 21.28; 21.43; 94.06; 67.81; 67.70; 74.77; 75.49; 35.12; 54.30; 50.87
 19.57; 17.61; 21.32; 21.40; 94.03; 67.78; 67.72; 74.78; 75.52; 35.07; 54.34; 50.87
 19.53; 17.56; 21.31; 21.46; 93.98; 67.81; 67.72; 74.77; 75.52; 35.08; 54.40; 50.86
 19.54; 17.58; 21.32; 21.48; 94.01; 67.78; 67.72; 74.76; 75.55; 35.04; 54.34; 50.88
 19.50; 17.58; 21.30; 21.52; 93.96; 67.73; 67.73; 74.79; 75.59; 35.07; 54.38; 50.86
 19.55; 17.65; 21.25; 21.49; 93.93; 67.73; 67.73; 74.80; 75.58; 35.07; 54.35; 50.87
 19.50; 17.62; 21.28; 21.48; 93.90; 67.77; 67.77; 74.85; 75.53; 35.06; 54.36; 50.89
 19.53; 17.64; 21.30; 21.54; 93.90; 67.77; 67.75; 74.86; 75.52; 35.01; 54.29; 50.88
 19.48; 17.64; 21.29; 21.52; 93.89; 67.82; 67.71; 74.85; 75.55; 35.03; 54.35; 50.86
 19.54; 17.64; 21.28; 21.53; 93.92; 67.82; 67.73; 74.82; 75.54; 34.99; 54.31; 50.88
 19.50; 17.65; 21.30; 21.50; 93.89; 67.81; 67.74; 74.81; 75.60; 34.96; 54.35; 50.91
 19.51; 17.60; 21.32; 21.50; 93.89; 67.79; 67.72; 74.88; 75.59; 34.91; 54.40; 50.89
 19.47; 17.60; 21.29; 21.51; 93.86; 67.81; 67.78; 74.87; 75.61; 34.93; 54.39; 50.88
 19.47; 17.62; 21.28; 21.49; 93.89; 67.81; 67.81; 74.86; 75.60; 34.94; 54.37; 50.86
 19.43; 17.62; 21.31; 21.50; 93.91; 67.80; 67.76; 74.87; 75.57; 34.96; 54.42; 50.86
 19.42; 17.64; 21.29; 21.47; 93.90; 67.80; 67.81; 74.84; 75.61; 34.98; 54.37; 50.86
 19.42; 17.68; 21.26; 21.44; 93.92; 67.75; 67.85; 74.85; 75.64; 35.01; 54.41; 50.78
 19.43; 17.70; 21.30; 21.39; 93.95; 67.75; 67.89; 74.84; 75.57; 34.94; 54.41; 50.83
 19.44; 17.73; 21.31; 21.33; 93.92; 67.73; 67.87; 74.90; 75.56; 34.98; 54.48; 50.74
 19.42; 17.79; 21.32; 21.30; 93.94; 67.75; 67.87; 74.90; 75.57; 34.93; 54.44; 50.77
 19.45; 17.87; 21.29; 21.25; 93.93; 67.74; 67.89; 74.84; 75.61; 34.96; 54.46; 50.72
 19.46; 17.87; 21.34; 21.22; 93.95; 67.75; 67.89; 74.78; 75.55; 34.95; 54.43; 50.80
 19.46; 17.88; 21.31; 21.18; 93.96; 67.74; 67.91; 74.77; 75.54; 35.00; 54.48; 50.78
 19.44; 17.91; 21.30; 21.22; 93.98; 67.77; 67.93; 74.69; 75.49; 35.01; 54.41; 50.85
 19.47; 17.93; 21.31; 21.16; 93.98; 67.73; 67.93; 74.72; 75.52; 35.01; 54.41; 50.84
 19.49; 17.96; 21.30; 21.20; 94.01; 67.78; 67.95; 74.71; 75.42; 34.95; 54.38; 50.86
 19.51; 18.00; 21.28; 21.15; 93.98; 67.75; 67.95; 74.76; 75.43; 34.99; 54.36; 50.86
 19.54; 18.08; 21.29; 21.11; 94.00; 67.76; 67.93; 74.77; 75.33; 34.93; 54.36; 50.90
 19.53; 18.10; 21.28; 21.10; 94.01; 67.75; 67.92; 74.79; 75.32; 34.95; 54.41; 50.85
 19.51; 18.13; 21.28; 21.10; 93.98; 67.82; 67.88; 74.70; 75.30; 34.90; 54.45; 50.95
 19.52; 18.15; 21.32; 21.07; 93.92; 67.77; 67.87; 74.69; 75.26; 35.02; 54.51; 50.89
 19.48; 18.21; 21.36; 21.06; 93.94; 67.80; 67.87; 74.62; 75.20; 35.00; 54.48; 50.97
 19.49; 18.21; 21.37; 21.05; 93.93; 67.74; 67.85; 74.65; 75.22; 35.00; 54.53; 50.95
 19.44; 18.23; 21.42; 21.04; 93.95; 67.77; 67.87; 74.62; 75.16; 35.04; 54.48; 50.96
 19.45; 18.25; 21.41; 20.98; 93.92; 67.73; 67.92; 74.60; 75.12; 35.13; 54.53; 50.96
 19.45; 18.25; 21.40; 20.96; 93.94; 67.78; 67.94; 74.58; 75.08; 35.15; 54.50; 50.99
 19.43; 18.26; 21.40; 20.95; 93.95; 67.78; 67.92; 74.59; 75.09; 35.12; 54.53; 50.99
 19.46; 18.26; 21.39; 20.91; 93.96; 67.76; 67.91; 74.61; 75.10; 35.15; 54.53; 50.97
 19.48; 18.29; 21.43; 20.86; 93.98; 67.76; 67.86; 74.61; 75.07; 35.18; 54.50; 50.98
 19.46; 18.33; 21.43; 20.82; 94.00; 67.78; 67.83; 74.60; 75.08; 35.18; 54.47; 51.02
 19.47; 18.33; 21.53; 20.78; 94.00; 67.75; 67.83; 74.61; 75.07; 35.14; 54.43; 51.05
 19.50; 18.36; 21.47; 20.76; 94.02; 67.74; 67.82; 74.62; 75.03; 35.16; 54.48; 51.05
 19.51; 18.37; 21.56; 20.73; 94.04; 67.74; 67.77; 74.63; 75.04; 35.18; 54.42; 51.01
 19.52; 18.37; 21.50; 20.72; 94.05; 67.71; 67.74; 74.61; 75.09; 35.21; 54.45; 51.03
 19.53; 18.37; 21.48; 20.71; 94.04; 67.69; 67.69; 74.63; 75.07; 35.23; 54.45; 51.09
 19.51; 18.35; 21.47; 20.67; 94.00; 67.66; 67.68; 74.69; 75.09; 35.28; 54.48; 51.10
 19.54; 18.34; 21.51; 20.63; 94.02; 67.68; 67.65; 74.71; 75.05; 35.29; 54.48; 51.09
 19.58; 18.34; 21.47; 20.59; 93.99; 67.67; 67.64; 74.74; 75.06; 35.31; 54.48; 51.14
 19.62; 18.35; 21.50; 20.56; 93.98; 67.64; 67.67; 74.68; 75.04; 35.29; 54.48; 51.18
 19.62; 18.34; 21.51; 20.53; 93.99; 67.61; 67.67; 74.68; 75.06; 35.31; 54.51; 51.18
 19.63; 18.34; 21.57; 20.46; 94.01; 67.61; 67.64; 74.67; 75.08; 35.30; 54.48; 51.20
 19.63; 18.34; 21.58; 20.41; 94.03; 67.64; 67.63; 74.66; 75.11; 35.29; 54.48; 51.21
 19.65; 18.37; 21.63; 20.37; 94.02; 67.68; 67.58; 74.66; 75.10; 35.26; 54.45; 51.24
 19.63; 18.38; 21.61; 20.36; 94.04; 67.65; 67.56; 74.65; 75.09; 35.33; 54.42; 51.28
 19.64; 18.36; 21.63; 20.37; 94.04; 67.60; 67.59; 74.66; 75.07; 35.31; 54.44; 51.28
 19.62; 18.39; 21.61; 20.35; 94.02; 67.56; 67.59; 74.70; 75.11; 35.35; 54.44; 51.27
 19.65; 18.39; 21.61; 20.33; 94.02; 67.52; 67.58; 74.66; 75.14; 35.44; 54.42; 51.24
 19.61; 18.44; 21.63; 20.26; 94.02; 67.50; 67.55; 74.64; 75.14; 35.45; 54.43; 51.34
 19.64; 18.47; 21.62; 20.25; 94.01; 67.40; 67.55; 74.66; 75.14; 35.48; 54.47; 51.31
 19.59; 18.53; 21.62; 20.23; 94.03; 67.40; 67.51; 74.61; 75.13; 35.48; 54.47; 51.39
 19.63; 18.51; 21.65; 20.22; 94.02; 67.41; 67.54; 74.59; 75.16; 35.47; 54.46; 51.34
 19.59; 18.51; 21.67; 20.22; 94.04; 67.38; 67.54; 74.55; 75.07; 35.53; 54.49; 51.40
 19.62; 18.52; 21.69; 20.24; 94.06; 67.29; 67.56; 74.56; 75.08; 35.55; 54.47; 51.35
 19.58; 18.57; 21.66; 20.25; 94.08; 67.28; 67.58; 74.51; 75.06; 35.57; 54.47; 51.39
 19.61; 18.62; 21.61; 20.24; 94.07; 67.20; 67.59; 74.51; 75.07; 35.66; 54.46; 51.37
 19.59; 18.67; 21.61; 20.22; 94.09; 67.23; 67.58; 74.46; 75.03; 35.63; 54.47; 51.42
 19.61; 18.69; 21.59; 20.20; 94.08; 67.17; 67.61; 74.50; 74.99; 35.72; 54.43; 51.40
 19.62; 18.76; 21.58; 20.18; 94.10; 67.19; 67.58; 74.43; 75.01; 35.68; 54.40; 51.46
 19.62; 18.75; 21.58; 20.17; 94.07; 67.15; 67.63; 74.41; 75.04; 35.71; 54.41; 51.45
 19.60; 18.76; 21.60; 20.17; 94.08; 67.17; 67.65; 74.38; 75.00; 35.68; 54.42; 51.51
 19.61; 18.76; 21.62; 20.16; 94.08; 67.09; 67.66; 74.39; 74.99; 35.71; 54.46; 51.47
 19.58; 18.79; 21.61; 20.15; 94.09; 67.10; 67.65; 74.40; 74.96; 35.72; 54.47; 51.50
 19.57; 18.76; 21.59; 20.16; 94.11; 67.11; 67.71; 74.36; 74.92; 35.72; 54.52; 51.48
 19.55; 18.78; 21.60; 20.15; 94.13; 67.12; 67.68; 74.33; 74.86; 35.72; 54.53; 51.54
 19.56; 18.77; 21.57; 20.12; 94.13; 67.10; 67.73; 74.34; 74.85; 35.75; 54.56; 51.52
 19.52; 18.78; 21.55; 20.14; 94.13; 67.12; 67.71; 74.30; 74.86; 35.75; 54.55; 51.59
 19.51; 18.79; 21.51; 20.15; 94.10; 67.13; 67.76; 74.28; 74.89; 35.75; 54.59; 51.53
 19.51; 18.76; 21.50; 20.16; 94.10; 67.08; 67.77; 74.29; 74.93; 35.80; 54.62; 51.48
 19.46; 18.79; 21.47; 20.18; 94.09; 67.01; 67.84; 74.26; 74.94; 35.81; 54.64; 51.49
 19.44; 18.77; 21.46; 20.17; 94.05; 67.02; 67.89; 74.27; 74.96; 35.84; 54.66; 51.46
 19.45; 18.80; 21.43; 20.18; 94.06; 66.98; 67.93; 74.29; 74.97; 35.82; 54.66; 51.44
 19.51; 18.81; 21.36; 20.19; 94.03; 66.94; 68.00; 74.30; 74.96; 35.88; 54.67; 51.35
 19.50; 18.81; 21.32; 20.17; 94.02; 66.88; 68.03; 74.30; 74.99; 35.97; 54.66; 51.35
 19.50; 18.79; 21.34; 20.16; 94.01; 66.82; 68.04; 74.29; 75.03; 35.98; 54.71; 51.32
 19.47; 18.80; 21.33; 20.19; 93.99; 66.79; 68.10; 74.34; 74.99; 36.02; 54.73; 51.26
 19.45; 18.84; 21.36; 20.15; 94.01; 66.79; 68.14; 74.37; 74.99; 35.99; 54.71; 51.20
 19.42; 18.83; 21.34; 20.19; 94.00; 66.77; 68.15; 74.40; 75.01; 35.99; 54.72; 51.18
 19.43; 18.84; 21.33; 20.15; 94.02; 66.74; 68.20; 74.41; 75.01; 36.02; 54.70; 51.15
 19.40; 18.84; 21.31; 20.20; 93.99; 66.73; 68.22; 74.42; 74.99; 36.06; 54.68; 51.15
 19.39; 18.82; 21.30; 20.21; 93.97; 66.71; 68.24; 74.43; 75.01; 36.08; 54.74; 51.10
 19.36; 18.85; 21.28; 20.22; 93.96; 66.68; 68.29; 74.44; 75.02; 36.07; 54.75; 51.10
 19.37; 18.89; 21.25; 20.18; 93.94; 66.65; 68.30; 74.47; 75.03; 36.08; 54.76; 51.07
 19.36; 18.87; 21.22; 20.19; 93.90; 66.64; 68.33; 74.47; 75.07; 36.11; 54.80; 51.04
 19.32; 18.88; 21.21; 20.21; 93.89; 66.61; 68.36; 74.50; 75.11; 36.11; 54.81; 50.98
 19.32; 18.87; 21.19; 20.21; 93.89; 66.56; 68.37; 74.54; 75.09; 36.16; 54.85; 50.97
 19.29; 18.88; 21.19; 20.19; 93.88; 66.52; 68.41; 74.56; 75.12; 36.22; 54.83; 50.92
 19.31; 18.87; 21.23; 20.18; 93.89; 66.54; 68.40; 74.51; 75.11; 36.16; 54.81; 50.96
 19.30; 18.83; 21.24; 20.19; 93.89; 66.52; 68.43; 74.52; 75.07; 36.19; 54.86; 50.96
 19.29; 18.83; 21.23; 20.21; 93.89; 66.57; 68.41; 74.54; 75.03; 36.20; 54.86; 50.93
 19.28; 18.80; 21.22; 20.23; 93.90; 66.57; 68.41; 74.52; 75.04; 36.19; 54.89; 50.95
 19.29; 18.79; 21.20; 20.28; 93.90; 66.64; 68.35; 74.56; 74.98; 36.19; 54.85; 50.97
 19.29; 18.76; 21.20; 20.28; 93.90; 66.63; 68.34; 74.61; 74.99; 36.21; 54.83; 50.96
 19.32; 18.76; 21.18; 20.33; 93.92; 66.68; 68.29; 74.57; 74.98; 36.17; 54.78; 51.02
 19.32; 18.74; 21.15; 20.32; 93.93; 66.71; 68.29; 74.56; 75.01; 36.17; 54.81; 51.01
 19.31; 18.72; 21.19; 20.33; 93.94; 66.74; 68.25; 74.55; 75.02; 36.14; 54.75; 51.05
 19.30; 18.71; 21.18; 20.32; 93.95; 66.74; 68.26; 74.49; 75.05; 36.18; 54.78; 51.03
 19.30; 18.74; 21.17; 20.31; 93.94; 66.77; 68.25; 74.50; 75.05; 36.16; 54.78; 51.05
 19.25; 18.79; 21.16; 20.33; 93.96; 66.77; 68.27; 74.51; 75.04; 36.14; 54.75; 51.02
 19.30; 18.76; 21.21; 20.33; 93.97; 66.78; 68.26; 74.47; 75.01; 36.09; 54.76; 51.06
 19.27; 18.76; 21.20; 20.34; 93.99; 66.77; 68.28; 74.47; 75.01; 36.08; 54.79; 51.03
 19.28; 18.76; 21.19; 20.36; 94.01; 66.81; 68.27; 74.46; 74.99; 36.04; 54.78; 51.05
 19.28; 18.72; 21.22; 20.34; 94.00; 66.82; 68.31; 74.44; 75.01; 36.08; 54.76; 51.02
 19.29; 18.69; 21.22; 20.37; 94.00; 66.84; 68.27; 74.42; 75.03; 36.05; 54.76; 51.04
 19.25; 18.69; 21.24; 20.37; 94.01; 66.85; 68.30; 74.39; 75.04; 36.08; 54.75; 51.04
 19.27; 18.69; 21.23; 20.38; 94.02; 66.87; 68.30; 74.39; 75.02; 36.07; 54.72; 51.04
 19.28; 18.69; 21.21; 20.38; 94.03; 66.86; 68.35; 74.37; 75.04; 36.06; 54.68; 51.06
 19.32; 18.70; 21.19; 20.35; 94.03; 66.90; 68.37; 74.35; 75.01; 36.05; 54.63; 51.11
 19.34; 18.66; 21.22; 20.34; 94.01; 66.91; 68.41; 74.37; 74.99; 36.04; 54.66; 51.05
 19.35; 18.68; 21.21; 20.32; 94.01; 66.95; 68.38; 74.34; 74.96; 36.03; 54.66; 51.10
 19.42; 18.63; 21.20; 20.30; 93.99; 66.95; 68.44; 74.35; 74.94; 36.04; 54.65; 51.09
 19.41; 18.67; 21.18; 20.31; 94.01; 67.00; 68.43; 74.33; 74.88; 35.99; 54.67; 51.11
 19.44; 18.65; 21.19; 20.29; 94.03; 66.98; 68.44; 74.32; 74.86; 36.04; 54.67; 51.09
 19.42; 18.69; 21.20; 20.26; 94.03; 67.03; 68.42; 74.26; 74.83; 36.02; 54.72; 51.11
 19.48; 18.66; 21.23; 20.22; 94.05; 67.01; 68.45; 74.25; 74.84; 36.01; 54.68; 51.12
 19.45; 18.67; 21.24; 20.24; 94.06; 67.04; 68.40; 74.21; 74.81; 36.01; 54.72; 51.16
 19.52; 18.66; 21.23; 20.20; 94.08; 67.04; 68.39; 74.21; 74.82; 36.00; 54.71; 51.15
 19.57; 18.61; 21.23; 20.22; 94.08; 67.07; 68.34; 74.19; 74.82; 35.97; 54.73; 51.18
 19.60; 18.62; 21.22; 20.22; 94.10; 67.08; 68.34; 74.18; 74.78; 35.96; 54.73; 51.16
 19.62; 18.63; 21.23; 20.20; 94.11; 67.13; 68.35; 74.12; 74.74; 35.91; 54.78; 51.17
 19.63; 18.61; 21.26; 20.18; 94.12; 67.16; 68.41; 74.09; 74.74; 35.90; 54.74; 51.17
 19.59; 18.64; 21.26; 20.16; 94.13; 67.20; 68.42; 74.07; 74.70; 35.89; 54.78; 51.15
 19.62; 18.64; 21.25; 20.14; 94.14; 67.21; 68.45; 74.08; 74.65; 35.89; 54.80; 51.12
 19.65; 18.66; 21.24; 20.17; 94.15; 67.27; 68.44; 74.04; 74.60; 35.86; 54.77; 51.15
 19.70; 18.66; 21.24; 20.14; 94.16; 67.28; 68.43; 74.03; 74.62; 35.85; 54.77; 51.13
 19.70; 18.70; 21.22; 20.14; 94.16; 67.33; 68.45; 73.99; 74.57; 35.81; 54.81; 51.13
 19.76; 18.68; 21.22; 20.12; 94.16; 67.33; 68.46; 74.00; 74.57; 35.80; 54.80; 51.10
 19.74; 18.66; 21.22; 20.14; 94.18; 67.28; 68.49; 74.02; 74.55; 35.84; 54.80; 51.09
 19.73; 18.69; 21.23; 20.13; 94.16; 67.27; 68.50; 74.05; 74.54; 35.84; 54.81; 51.06
 19.71; 18.72; 21.24; 20.15; 94.16; 67.24; 68.50; 74.08; 74.53; 35.81; 54.82; 51.03
 19.71; 18.73; 21.24; 20.13; 94.15; 67.23; 68.54; 74.10; 74.54; 35.80; 54.81; 51.03
 19.73; 18.69; 21.25; 20.15; 94.13; 67.21; 68.57; 74.12; 74.56; 35.79; 54.79; 51.00
 19.69; 18.70; 21.24; 20.16; 94.14; 67.22; 68.56; 74.14; 74.55; 35.80; 54.79; 51.01
 19.71; 18.68; 21.25; 20.16; 94.15; 67.21; 68.55; 74.16; 74.58; 35.79; 54.78; 51.00
 19.69; 18.66; 21.26; 20.15; 94.14; 67.20; 68.54; 74.18; 74.63; 35.78; 54.76; 51.01
 19.71; 18.67; 21.23; 20.16; 94.15; 67.19; 68.56; 74.20; 74.62; 35.77; 54.77; 50.98
 19.72; 18.64; 21.22; 20.16; 94.13; 67.16; 68.54; 74.20; 74.65; 35.77; 54.81; 51.00
 19.77; 18.62; 21.20; 20.17; 94.13; 67.12; 68.54; 74.22; 74.68; 35.74; 54.82; 50.98
 19.79; 18.59; 21.21; 20.14; 94.12; 67.14; 68.56; 74.21; 74.70; 35.75; 54.79; 51.00
 19.80; 18.56; 21.20; 20.16; 94.14; 67.12; 68.54; 74.23; 74.72; 35.74; 54.81; 50.98
 19.80; 18.56; 21.23; 20.13; 94.13; 67.11; 68.55; 74.20; 74.73; 35.72; 54.85; 50.99
 19.79; 18.57; 21.22; 20.15; 94.14; 67.10; 68.57; 74.22; 74.73; 35.68; 54.83; 50.98
 19.80; 18.56; 21.21; 20.12; 94.11; 67.10; 68.56; 74.25; 74.76; 35.66; 54.87; 50.99
 19.82; 18.55; 21.23; 20.11; 94.09; 67.08; 68.55; 74.28; 74.79; 35.63; 54.89; 50.98
 19.79; 18.58; 21.25; 20.10; 94.10; 67.04; 68.58; 74.31; 74.77; 35.63; 54.87; 50.97
 19.83; 18.57; 21.26; 20.10; 94.10; 67.02; 68.59; 74.32; 74.80; 35.60; 54.85; 50.96
 19.81; 18.56; 21.25; 20.11; 94.09; 67.01; 68.61; 74.32; 74.80; 35.62; 54.89; 50.93
 19.79; 18.51; 21.28; 20.17; 94.07; 67.01; 68.60; 74.31; 74.81; 35.63; 54.89; 50.93
 19.79; 18.53; 21.28; 20.15; 94.09; 66.97; 68.61; 74.29; 74.81; 35.65; 54.90; 50.94
 19.78; 18.51; 21.28; 20.17; 94.07; 66.97; 68.64; 74.28; 74.78; 35.66; 54.90; 50.95
 19.79; 18.52; 21.28; 20.16; 94.08; 66.97; 68.65; 74.26; 74.76; 35.63; 54.89; 51.00
 19.80; 18.50; 21.29; 20.18; 94.07; 66.95; 68.66; 74.28; 74.76; 35.61; 54.92; 50.99
 19.83; 18.54; 21.27; 20.16; 94.07; 66.93; 68.64; 74.23; 74.79; 35.59; 54.93; 51.03
 19.82; 18.52; 21.31; 20.19; 94.07; 66.89; 68.66; 74.22; 74.79; 35.57; 54.93; 51.03
 19.86; 18.49; 21.35; 20.18; 94.08; 66.90; 68.63; 74.20; 74.77; 35.57; 54.91; 51.06
 19.87; 18.47; 21.40; 20.22; 94.09; 66.90; 68.62; 74.21; 74.75; 35.52; 54.90; 51.06
 19.89; 18.47; 21.40; 20.22; 94.10; 66.87; 68.63; 74.22; 74.71; 35.53; 54.91; 51.04
 19.87; 18.44; 21.41; 20.24; 94.08; 66.87; 68.67; 74.19; 74.74; 35.52; 54.95; 51.02
 19.88; 18.46; 21.44; 20.20; 94.09; 66.85; 68.70; 74.17; 74.71; 35.50; 54.95; 51.05
 19.89; 18.43; 21.44; 20.24; 94.10; 66.84; 68.71; 74.18; 74.70; 35.47; 54.95; 51.05
 19.91; 18.43; 21.43; 20.23; 94.12; 66.82; 68.71; 74.13; 74.67; 35.51; 54.95; 51.09
 19.92; 18.42; 21.47; 20.24; 94.12; 66.81; 68.73; 74.12; 74.69; 35.47; 54.93; 51.08
 19.93; 18.43; 21.46; 20.25; 94.13; 66.84; 68.72; 74.06; 74.66; 35.48; 54.93; 51.11
 19.91; 18.43; 21.46; 20.30; 94.12; 66.82; 68.71; 74.07; 74.67; 35.47; 54.95; 51.09
 19.93; 18.43; 21.48; 20.28; 94.14; 66.80; 68.69; 74.09; 74.66; 35.47; 54.93; 51.10
 19.92; 18.39; 21.51; 20.32; 94.14; 66.77; 68.72; 74.07; 74.69; 35.44; 54.95; 51.07
 19.91; 18.38; 21.52; 20.30; 94.16; 66.79; 68.73; 74.06; 74.69; 35.47; 54.92; 51.08
 19.92; 18.37; 21.51; 20.30; 94.16; 66.77; 68.73; 74.04; 74.69; 35.48; 54.94; 51.09
 19.92; 18.34; 21.49; 20.30; 94.15; 66.78; 68.71; 74.06; 74.69; 35.48; 54.98; 51.10
 19.91; 18.32; 21.49; 20.31; 94.17; 66.80; 68.69; 74.08; 74.70; 35.46; 54.98; 51.10
 19.88; 18.33; 21.52; 20.32; 94.17; 66.80; 68.65; 74.11; 74.72; 35.44; 54.98; 51.08
 19.85; 18.34; 21.49; 20.34; 94.18; 66.81; 68.65; 74.13; 74.68; 35.44; 55.01; 51.07
 19.85; 18.34; 21.47; 20.34; 94.17; 66.84; 68.64; 74.16; 74.69; 35.47; 54.98; 51.06
 19.82; 18.36; 21.45; 20.33; 94.18; 66.83; 68.63; 74.15; 74.70; 35.48; 55.05; 51.02
 19.81; 18.39; 21.43; 20.33; 94.17; 66.83; 68.61; 74.18; 74.71; 35.46; 55.04; 51.03
 19.78; 18.37; 21.42; 20.33; 94.16; 66.84; 68.61; 74.21; 74.74; 35.45; 55.03; 51.05
 19.78; 18.35; 21.42; 20.34; 94.18; 66.85; 68.59; 74.20; 74.75; 35.47; 55.04; 51.05
 19.78; 18.32; 21.42; 20.33; 94.17; 66.86; 68.60; 74.20; 74.75; 35.46; 55.04; 51.05
 19.79; 18.29; 21.44; 20.34; 94.17; 66.88; 68.60; 74.21; 74.74; 35.45; 55.06; 51.03
 19.77; 18.30; 21.45; 20.34; 94.17; 66.90; 68.58; 74.22; 74.74; 35.43; 55.06; 51.04
 19.77; 18.29; 21.44; 20.36; 94.19; 66.93; 68.57; 74.18; 74.77; 35.40; 55.07; 51.04
 19.76; 18.27; 21.42; 20.38; 94.17; 66.95; 68.57; 74.20; 74.75; 35.41; 55.08; 51.04
 19.77; 18.24; 21.42; 20.39; 94.13; 66.96; 68.56; 74.24; 74.79; 35.37; 55.09; 51.03
 19.74; 18.25; 21.43; 20.41; 94.14; 66.95; 68.53; 74.26; 74.81; 35.38; 55.09; 51.02
 19.74; 18.26; 21.44; 20.38; 94.12; 66.95; 68.50; 74.30; 74.83; 35.39; 55.10; 50.99
 19.71; 18.25; 21.45; 20.39; 94.11; 66.98; 68.50; 74.32; 74.82; 35.36; 55.13; 50.97
 19.70; 18.24; 21.47; 20.40; 94.10; 66.97; 68.51; 74.32; 74.83; 35.34; 55.10; 51.00
 19.69; 18.24; 21.49; 20.38; 94.10; 66.98; 68.52; 74.29; 74.85; 35.33; 55.12; 51.00
 19.70; 18.21; 21.47; 20.37; 94.12; 66.97; 68.51; 74.32; 74.87; 35.35; 55.13; 50.98
 19.69; 18.21; 21.47; 20.37; 94.13; 67.00; 68.49; 74.32; 74.85; 35.35; 55.16; 50.96
 19.68; 18.23; 21.44; 20.38; 94.11; 67.00; 68.51; 74.34; 74.87; 35.32; 55.17; 50.94
 19.68; 18.25; 21.43; 20.37; 94.11; 67.04; 68.48; 74.33; 74.86; 35.33; 55.18; 50.94
 19.70; 18.24; 21.40; 20.38; 94.10; 67.02; 68.48; 74.35; 74.90; 35.31; 55.21; 50.91
 19.69; 18.22; 21.41; 20.38; 94.10; 67.02; 68.48; 74.34; 74.89; 35.34; 55.24; 50.89
 19.69; 18.21; 21.41; 20.40; 94.09; 66.99; 68.46; 74.37; 74.90; 35.33; 55.24; 50.90
 19.70; 18.25; 21.40; 20.42; 94.11; 67.03; 68.45; 74.37; 74.86; 35.32; 55.21; 50.88
 19.70; 18.22; 21.38; 20.45; 94.12; 67.02; 68.43; 74.37; 74.87; 35.34; 55.21; 50.87
 19.69; 18.21; 21.37; 20.46; 94.12; 67.05; 68.41; 74.37; 74.85; 35.35; 55.22; 50.89
 19.69; 18.23; 21.36; 20.44; 94.12; 67.05; 68.43; 74.40; 74.86; 35.34; 55.22; 50.86
 19.71; 18.23; 21.33; 20.45; 94.13; 67.06; 68.41; 74.39; 74.87; 35.33; 55.22; 50.86
 19.71; 18.22; 21.33; 20.44; 94.12; 67.05; 68.41; 74.41; 74.90; 35.32; 55.24; 50.84
 19.70; 18.20; 21.34; 20.42; 94.13; 67.08; 68.42; 74.36; 74.92; 35.32; 55.23; 50.88
 19.69; 18.20; 21.32; 20.42; 94.14; 67.09; 68.40; 74.36; 74.92; 35.35; 55.24; 50.87
 19.68; 18.22; 21.32; 20.39; 94.15; 67.11; 68.38; 74.36; 74.92; 35.37; 55.25; 50.85
 19.69; 18.25; 21.31; 20.40; 94.13; 67.06; 68.40; 74.38; 74.92; 35.38; 55.25; 50.81
 19.68; 18.25; 21.29; 20.41; 94.14; 67.09; 68.40; 74.38; 74.89; 35.39; 55.25; 50.83
 19.69; 18.25; 21.27; 20.38; 94.13; 67.08; 68.39; 74.41; 74.91; 35.40; 55.25; 50.84
 19.76; 18.24; 21.26; 20.39; 94.14; 67.11; 68.41; 74.39; 74.90; 35.37; 55.20; 50.84
 19.78; 18.25; 21.23; 20.40; 94.15; 67.12; 68.39; 74.38; 74.90; 35.37; 55.20; 50.84
 19.76; 18.27; 21.23; 20.42; 94.15; 67.12; 68.41; 74.38; 74.91; 35.36; 55.18; 50.81
 19.77; 18.25; 21.26; 20.40; 94.16; 67.15; 68.41; 74.34; 74.87; 35.40; 55.15; 50.83
 19.78; 18.26; 21.25; 20.42; 94.16; 67.15; 68.39; 74.35; 74.89; 35.39; 55.15; 50.81
 19.78; 18.25; 21.26; 20.42; 94.17; 67.18; 68.38; 74.33; 74.87; 35.40; 55.15; 50.82
 19.78; 18.25; 21.28; 20.42; 94.17; 67.17; 68.41; 74.33; 74.88; 35.37; 55.15; 50.80
 19.77; 18.23; 21.29; 20.40; 94.18; 67.17; 68.42; 74.34; 74.85; 35.40; 55.16; 50.78
 19.79; 18.24; 21.31; 20.39; 94.19; 67.17; 68.43; 74.33; 74.85; 35.38; 55.15; 50.77
 19.80; 18.22; 21.33; 20.40; 94.21; 67.17; 68.43; 74.34; 74.81; 35.40; 55.14; 50.76
 19.81; 18.22; 21.31; 20.42; 94.22; 67.18; 68.44; 74.35; 74.79; 35.41; 55.11; 50.73
 19.82; 18.22; 21.31; 20.39; 94.23; 67.20; 68.45; 74.32; 74.75; 35.43; 55.14; 50.74
 19.82; 18.26; 21.30; 20.38; 94.22; 67.18; 68.50; 74.32; 74.75; 35.42; 55.11; 50.73
 19.83; 18.25; 21.29; 20.38; 94.23; 67.20; 68.50; 74.32; 74.74; 35.43; 55.09; 50.74
 19.86; 18.27; 21.26; 20.38; 94.23; 67.21; 68.50; 74.30; 74.75; 35.43; 55.10; 50.73
 19.85; 18.29; 21.27; 20.37; 94.24; 67.24; 68.51; 74.26; 74.74; 35.43; 55.10; 50.71
 19.87; 18.31; 21.25; 20.38; 94.23; 67.24; 68.53; 74.28; 74.76; 35.39; 55.07; 50.69
 19.86; 18.31; 21.28; 20.36; 94.25; 67.24; 68.52; 74.28; 74.72; 35.41; 55.07; 50.69
 19.87; 18.33; 21.26; 20.38; 94.26; 67.24; 68.51; 74.28; 74.74; 35.41; 55.05; 50.65
 19.87; 18.33; 21.26; 20.38; 94.26; 67.23; 68.49; 74.31; 74.74; 35.43; 55.03; 50.66
 19.85; 18.31; 21.26; 20.39; 94.27; 67.22; 68.47; 74.32; 74.76; 35.42; 55.05; 50.67
 19.86; 18.29; 21.27; 20.39; 94.28; 67.20; 68.47; 74.33; 74.77; 35.42; 55.05; 50.66
 19.86; 18.29; 21.26; 20.41; 94.29; 67.19; 68.45; 74.33; 74.78; 35.40; 55.08; 50.67
 19.85; 18.29; 21.25; 20.42; 94.29; 67.18; 68.48; 74.33; 74.79; 35.40; 55.04; 50.67
 19.84; 18.28; 21.26; 20.42; 94.30; 67.19; 68.49; 74.32; 74.77; 35.38; 55.07; 50.67
 19.85; 18.30; 21.26; 20.42; 94.29; 67.19; 68.49; 74.33; 74.79; 35.35; 55.07; 50.66
 19.85; 18.28; 21.24; 20.44; 94.30; 67.21; 68.47; 74.32; 74.80; 35.36; 55.07; 50.64
 19.89; 18.27; 21.24; 20.45; 94.29; 67.19; 68.47; 74.34; 74.80; 35.36; 55.10; 50.61
 19.86; 18.26; 21.23; 20.49; 94.28; 67.22; 68.46; 74.34; 74.80; 35.35; 55.12; 50.58
 19.85; 18.25; 21.24; 20.48; 94.29; 67.23; 68.47; 74.33; 74.82; 35.34; 55.13; 50.57
 19.86; 18.24; 21.22; 20.51; 94.30; 67.21; 68.47; 74.34; 74.84; 35.35; 55.13; 50.56
 19.86; 18.24; 21.22; 20.53; 94.29; 67.18; 68.49; 74.33; 74.83; 35.36; 55.13; 50.54
 19.90; 18.24; 21.24; 20.57; 94.28; 67.20; 68.47; 74.34; 74.84; 35.30; 55.09; 50.53
 19.88; 18.22; 21.26; 20.56; 94.28; 67.20; 68.49; 74.36; 74.83; 35.32; 55.08; 50.52
 19.91; 18.21; 21.24; 20.58; 94.27; 67.21; 68.48; 74.36; 74.87; 35.28; 55.09; 50.51
 19.91; 18.17; 21.24; 20.58; 94.28; 67.19; 68.52; 74.36; 74.88; 35.28; 55.08; 50.49
 19.90; 18.16; 21.25; 20.61; 94.28; 67.20; 68.50; 74.37; 74.88; 35.27; 55.09; 50.49
 19.88; 18.15; 21.25; 20.64; 94.29; 67.20; 68.52; 74.39; 74.85; 35.26; 55.09; 50.49
 19.90; 18.14; 21.24; 20.63; 94.29; 67.20; 68.52; 74.39; 74.85; 35.25; 55.06; 50.52
 19.92; 18.13; 21.25; 20.65; 94.29; 67.16; 68.53; 74.40; 74.88; 35.24; 55.05; 50.52
 19.91; 18.11; 21.26; 20.65; 94.30; 67.16; 68.53; 74.40; 74.87; 35.24; 55.05; 50.54
 19.90; 18.15; 21.23; 20.64; 94.30; 67.19; 68.52; 74.39; 74.87; 35.21; 55.05; 50.53
 19.91; 18.15; 21.24; 20.63; 94.31; 67.20; 68.50; 74.38; 74.85; 35.23; 55.05; 50.56
 19.91; 18.17; 21.21; 20.64; 94.29; 67.18; 68.52; 74.38; 74.84; 35.22; 55.07; 50.57
 19.89; 18.20; 21.22; 20.64; 94.30; 67.16; 68.51; 74.34; 74.83; 35.24; 55.09; 50.58
 19.88; 18.21; 21.22; 20.64; 94.31; 67.19; 68.51; 74.33; 74.82; 35.20; 55.10; 50.58
 19.88; 18.19; 21.23; 20.69; 94.31; 67.22; 68.50; 74.31; 74.79; 35.19; 55.10; 50.59
 19.86; 18.24; 21.22; 20.71; 94.32; 67.22; 68.52; 74.31; 74.77; 35.16; 55.09; 50.58
 19.87; 18.25; 21.22; 20.68; 94.33; 67.22; 68.50; 74.33; 74.75; 35.15; 55.10; 50.59
 19.86; 18.25; 21.22; 20.73; 94.34; 67.21; 68.52; 74.30; 74.75; 35.13; 55.11; 50.57
 19.85; 18.26; 21.22; 20.76; 94.34; 67.23; 68.49; 74.29; 74.73; 35.14; 55.09; 50.60
 19.83; 18.29; 21.23; 20.77; 94.35; 67.23; 68.48; 74.27; 74.72; 35.13; 55.09; 50.60
 19.80; 18.29; 21.24; 20.80; 94.36; 67.23; 68.49; 74.25; 74.71; 35.11; 55.09; 50.61
 19.80; 18.31; 21.24; 20.80; 94.38; 67.26; 68.50; 74.25; 74.69; 35.07; 55.09; 50.60
 19.79; 18.34; 21.25; 20.78; 94.39; 67.26; 68.49; 74.24; 74.70; 35.08; 55.09; 50.59
 19.79; 18.37; 21.25; 20.77; 94.39; 67.27; 68.52; 74.22; 74.67; 35.08; 55.07; 50.59
 19.76; 18.37; 21.25; 20.79; 94.40; 67.28; 68.50; 74.22; 74.65; 35.11; 55.07; 50.60
 19.75; 18.39; 21.27; 20.81; 94.40; 67.25; 68.51; 74.21; 74.63; 35.09; 55.11; 50.58
 19.74; 18.42; 21.28; 20.79; 94.41; 67.28; 68.48; 74.21; 74.61; 35.08; 55.12; 50.57
 19.72; 18.45; 21.28; 20.81; 94.41; 67.28; 68.47; 74.20; 74.60; 35.07; 55.11; 50.59
 19.71; 18.43; 21.33; 20.83; 94.42; 67.27; 68.45; 74.19; 74.59; 35.07; 55.13; 50.58
 19.72; 18.43; 21.32; 20.83; 94.42; 67.27; 68.45; 74.20; 74.58; 35.09; 55.12; 50.57
 19.73; 18.43; 21.30; 20.83; 94.43; 67.27; 68.43; 74.21; 74.59; 35.10; 55.11; 50.56
 19.75; 18.41; 21.30; 20.84; 94.43; 67.30; 68.42; 74.19; 74.59; 35.08; 55.12; 50.56
 19.77; 18.39; 21.30; 20.86; 94.42; 67.26; 68.44; 74.22; 74.60; 35.05; 55.13; 50.58
 19.79; 18.37; 21.29; 20.86; 94.43; 67.23; 68.46; 74.23; 74.58; 35.08; 55.12; 50.57
 19.80; 18.38; 21.31; 20.85; 94.43; 67.17; 68.48; 74.21; 74.61; 35.07; 55.14; 50.55
 19.83; 18.36; 21.30; 20.86; 94.43; 67.17; 68.47; 74.20; 74.63; 35.07; 55.13; 50.54
 19.83; 18.36; 21.29; 20.87; 94.41; 67.15; 68.50; 74.20; 74.63; 35.08; 55.11; 50.55
 19.83; 18.33; 21.29; 20.87; 94.42; 67.18; 68.48; 74.20; 74.63; 35.10; 55.12; 50.55
 19.83; 18.33; 21.30; 20.90; 94.41; 67.18; 68.52; 74.18; 74.64; 35.09; 55.12; 50.51
 19.87; 18.32; 21.30; 20.90; 94.41; 67.20; 68.52; 74.17; 74.61; 35.09; 55.12; 50.50
 19.89; 18.33; 21.28; 20.91; 94.42; 67.18; 68.55; 74.18; 74.59; 35.09; 55.13; 50.47
 19.92; 18.30; 21.27; 20.90; 94.43; 67.18; 68.54; 74.15; 74.58; 35.10; 55.15; 50.48
 19.93; 18.31; 21.30; 20.88; 94.44; 67.17; 68.58; 74.15; 74.57; 35.09; 55.11; 50.46
 19.95; 18.32; 21.30; 20.87; 94.44; 67.18; 68.59; 74.15; 74.55; 35.12; 55.11; 50.43
 19.98; 18.30; 21.31; 20.88; 94.42; 67.16; 68.60; 74.14; 74.58; 35.10; 55.13; 50.41
 20.01; 18.29; 21.31; 20.89; 94.42; 67.14; 68.59; 74.16; 74.57; 35.10; 55.11; 50.41
 20.00; 18.27; 21.34; 20.88; 94.42; 67.14; 68.63; 74.18; 74.55; 35.09; 55.09; 50.40
 20.04; 18.27; 21.33; 20.86; 94.42; 67.14; 68.64; 74.16; 74.56; 35.10; 55.07; 50.42
 20.05; 18.26; 21.35; 20.84; 94.42; 67.11; 68.68; 74.16; 74.58; 35.09; 55.04; 50.42
 20.06; 18.26; 21.33; 20.83; 94.41; 67.10; 68.69; 74.15; 74.57; 35.11; 55.06; 50.43
 20.07; 18.26; 21.35; 20.82; 94.41; 67.09; 68.71; 74.15; 74.57; 35.11; 55.04; 50.44
 20.08; 18.25; 21.33; 20.83; 94.41; 67.08; 68.70; 74.16; 74.56; 35.13; 55.04; 50.44
 20.09; 18.22; 21.33; 20.82; 94.41; 67.07; 68.72; 74.18; 74.55; 35.15; 55.03; 50.43
 20.10; 18.21; 21.31; 20.84; 94.41; 67.07; 68.72; 74.21; 74.55; 35.17; 55.02; 50.40
 20.10; 18.21; 21.30; 20.83; 94.41; 67.05; 68.75; 74.22; 74.55; 35.17; 55.02; 50.40
 20.12; 18.21; 21.28; 20.82; 94.39; 67.05; 68.74; 74.22; 74.56; 35.19; 55.01; 50.41
 20.10; 18.20; 21.28; 20.83; 94.39; 67.03; 68.75; 74.23; 74.57; 35.20; 54.99; 50.42
 20.10; 18.20; 21.27; 20.84; 94.37; 67.00; 68.76; 74.26; 74.56; 35.22; 54.99; 50.42
 20.10; 18.21; 21.28; 20.83; 94.37; 67.01; 68.76; 74.26; 74.56; 35.23; 54.97; 50.40
 20.09; 18.21; 21.28; 20.83; 94.35; 67.02; 68.77; 74.26; 74.51; 35.26; 54.98; 50.43
 20.11; 18.21; 21.27; 20.82; 94.35; 67.00; 68.80; 74.27; 74.51; 35.27; 54.96; 50.42
 20.13; 18.21; 21.28; 20.82; 94.35; 66.98; 68.81; 74.27; 74.54; 35.24; 54.96; 50.41
 20.12; 18.23; 21.27; 20.80; 94.34; 66.97; 68.82; 74.30; 74.53; 35.24; 54.95; 50.43
 20.14; 18.22; 21.26; 20.79; 94.33; 66.95; 68.83; 74.31; 74.49; 35.28; 54.99; 50.42
 20.14; 18.21; 21.27; 20.77; 94.34; 66.93; 68.84; 74.33; 74.49; 35.28; 54.98; 50.41
 20.14; 18.21; 21.26; 20.77; 94.35; 66.91; 68.83; 74.33; 74.52; 35.29; 54.99; 50.40
 20.13; 18.22; 21.25; 20.78; 94.35; 66.91; 68.84; 74.35; 74.52; 35.29; 54.97; 50.40
 20.13; 18.21; 21.25; 20.78; 94.36; 66.91; 68.84; 74.34; 74.51; 35.30; 54.97; 50.41
 20.15; 18.21; 21.24; 20.77; 94.37; 66.89; 68.85; 74.32; 74.52; 35.27; 54.97; 50.43
 20.16; 18.18; 21.26; 20.76; 94.36; 66.90; 68.87; 74.30; 74.51; 35.27; 54.97; 50.46
 20.14; 18.19; 21.26; 20.76; 94.36; 66.92; 68.87; 74.29; 74.51; 35.24; 54.98; 50.48
 20.12; 18.17; 21.28; 20.77; 94.37; 66.94; 68.88; 74.27; 74.49; 35.24; 55.01; 50.45
 20.13; 18.20; 21.26; 20.76; 94.36; 66.96; 68.90; 74.25; 74.47; 35.23; 55.02; 50.47
 20.14; 18.18; 21.28; 20.76; 94.36; 66.97; 68.89; 74.23; 74.47; 35.22; 55.01; 50.49
 20.15; 18.21; 21.27; 20.74; 94.36; 66.99; 68.91; 74.23; 74.45; 35.19; 55.01; 50.50
 20.13; 18.22; 21.27; 20.73; 94.37; 67.01; 68.89; 74.21; 74.44; 35.21; 55.03; 50.50
 20.11; 18.24; 21.28; 20.73; 94.37; 67.01; 68.92; 74.18; 74.43; 35.22; 55.03; 50.49
 20.10; 18.23; 21.30; 20.73; 94.38; 67.00; 68.91; 74.17; 74.40; 35.25; 55.05; 50.49
 20.10; 18.25; 21.30; 20.71; 94.37; 67.00; 68.93; 74.17; 74.38; 35.25; 55.04; 50.51
 20.09; 18.24; 21.30; 20.70; 94.37; 67.01; 68.95; 74.14; 74.36; 35.26; 55.06; 50.51
 20.09; 18.26; 21.32; 20.69; 94.38; 67.01; 68.97; 74.12; 74.35; 35.25; 55.04; 50.52
 20.07; 18.25; 21.33; 20.67; 94.39; 67.03; 68.98; 74.08; 74.33; 35.25; 55.08; 50.52
 20.06; 18.26; 21.33; 20.67; 94.40; 67.04; 69.00; 74.07; 74.32; 35.25; 55.08; 50.53
 20.04; 18.25; 21.33; 20.68; 94.40; 67.04; 69.03; 74.05; 74.32; 35.25; 55.08; 50.53
 20.06; 18.27; 21.35; 20.66; 94.41; 67.06; 69.03; 74.03; 74.29; 35.21; 55.07; 50.55
 20.08; 18.26; 21.35; 20.65; 94.41; 67.07; 69.05; 74.00; 74.31; 35.20; 55.05; 50.57
 20.11; 18.27; 21.35; 20.65; 94.42; 67.07; 69.05; 73.98; 74.30; 35.18; 55.06; 50.57
 20.10; 18.28; 21.36; 20.65; 94.42; 67.09; 69.06; 73.97; 74.29; 35.16; 55.06; 50.56
 20.11; 18.25; 21.37; 20.65; 94.42; 67.09; 69.04; 73.96; 74.32; 35.15; 55.08; 50.56
 20.10; 18.24; 21.38; 20.65; 94.41; 67.10; 69.06; 73.93; 74.31; 35.18; 55.08; 50.56
 20.12; 18.21; 21.38; 20.65; 94.42; 67.10; 69.07; 73.95; 74.31; 35.18; 55.08; 50.53
 20.11; 18.21; 21.39; 20.65; 94.43; 67.11; 69.07; 73.96; 74.28; 35.17; 55.09; 50.53
 20.12; 18.19; 21.38; 20.65; 94.44; 67.09; 69.05; 73.99; 74.30; 35.19; 55.09; 50.52
 20.11; 18.19; 21.38; 20.69; 94.43; 67.09; 69.04; 73.98; 74.31; 35.20; 55.08; 50.51
 20.12; 18.17; 21.37; 20.68; 94.44; 67.08; 69.03; 73.99; 74.31; 35.20; 55.08; 50.51
 20.11; 18.14; 21.40; 20.70; 94.44; 67.08; 69.06; 74.00; 74.29; 35.18; 55.08; 50.53
 20.13; 18.13; 21.38; 20.70; 94.44; 67.07; 69.05; 74.01; 74.29; 35.18; 55.09; 50.52
 20.12; 18.11; 21.39; 20.70; 94.45; 67.05; 69.08; 74.01; 74.31; 35.17; 55.10; 50.52
 20.12; 18.09; 21.39; 20.70; 94.45; 67.05; 69.06; 74.03; 74.32; 35.19; 55.09; 50.51
 20.11; 18.07; 21.39; 20.71; 94.46; 67.06; 69.06; 74.02; 74.29; 35.19; 55.11; 50.51
 20.11; 18.05; 21.40; 20.72; 94.45; 67.04; 69.07; 74.02; 74.30; 35.19; 55.14; 50.51
 20.09; 18.02; 21.40; 20.74; 94.42; 67.06; 69.08; 74.02; 74.30; 35.20; 55.16; 50.51
 20.10; 18.01; 21.41; 20.75; 94.42; 67.06; 69.10; 74.04; 74.29; 35.17; 55.16; 50.49
 20.08; 18.00; 21.41; 20.77; 94.41; 67.07; 69.12; 74.03; 74.28; 35.15; 55.18; 50.50
 20.06; 17.98; 21.42; 20.76; 94.40; 67.05; 69.10; 74.06; 74.30; 35.18; 55.21; 50.47
 20.05; 17.98; 21.43; 20.78; 94.41; 67.05; 69.12; 74.07; 74.28; 35.16; 55.21; 50.47
 20.06; 17.97; 21.41; 20.77; 94.41; 67.07; 69.10; 74.09; 74.28; 35.16; 55.21; 50.48
 20.05; 17.95; 21.45; 20.77; 94.42; 67.06; 69.11; 74.08; 74.29; 35.14; 55.21; 50.48
 20.06; 17.94; 21.46; 20.76; 94.43; 67.09; 69.09; 74.08; 74.29; 35.12; 55.20; 50.49
 20.05; 17.94; 21.50; 20.78; 94.43; 67.09; 69.07; 74.06; 74.30; 35.10; 55.21; 50.50
 20.07; 17.94; 21.51; 20.76; 94.44; 67.12; 69.03; 74.05; 74.30; 35.08; 55.18; 50.52
 20.06; 17.95; 21.53; 20.76; 94.42; 67.16; 69.04; 74.03; 74.28; 35.07; 55.19; 50.53
 20.07; 17.98; 21.55; 20.74; 94.43; 67.17; 69.03; 74.03; 74.27; 35.04; 55.18; 50.53
 20.06; 17.99; 21.56; 20.72; 94.42; 67.18; 69.01; 74.02; 74.26; 35.02; 55.19; 50.54
 20.08; 18.02; 21.55; 20.71; 94.41; 67.23; 68.99; 74.00; 74.25; 35.00; 55.19; 50.55
 20.07; 18.04; 21.55; 20.72; 94.42; 67.24; 69.00; 73.99; 74.22; 35.00; 55.19; 50.56
 20.10; 18.03; 21.56; 20.69; 94.42; 67.26; 68.97; 74.00; 74.23; 34.99; 55.19; 50.57
 20.09; 18.03; 21.56; 20.70; 94.43; 67.25; 68.97; 73.99; 74.21; 34.99; 55.21; 50.58
 20.09; 18.03; 21.59; 20.69; 94.43; 67.27; 68.95; 73.98; 74.22; 34.95; 55.21; 50.60
 20.07; 18.06; 21.61; 20.69; 94.44; 67.28; 68.93; 73.97; 74.18; 34.92; 55.21; 50.65
 20.09; 18.07; 21.62; 20.67; 94.44; 67.28; 68.89; 73.98; 74.18; 34.90; 55.21; 50.67
 20.07; 18.08; 21.60; 20.67; 94.45; 67.29; 68.88; 73.97; 74.16; 34.91; 55.23; 50.69
 20.08; 18.07; 21.63; 20.67; 94.44; 67.31; 68.85; 73.98; 74.16; 34.89; 55.23; 50.70
 20.09; 18.08; 21.64; 20.66; 94.44; 67.33; 68.85; 73.94; 74.13; 34.90; 55.22; 50.72
 20.10; 18.08; 21.64; 20.65; 94.44; 67.36; 68.82; 73.93; 74.13; 34.89; 55.21; 50.75
 20.08; 18.09; 21.67; 20.65; 94.44; 67.37; 68.81; 73.89; 74.11; 34.91; 55.21; 50.78
 20.09; 18.10; 21.66; 20.65; 94.43; 67.37; 68.78; 73.87; 74.10; 34.89; 55.22; 50.82
 20.07; 18.12; 21.66; 20.65; 94.44; 67.38; 68.76; 73.86; 74.10; 34.88; 55.22; 50.86
 20.06; 18.12; 21.66; 20.66; 94.44; 67.37; 68.76; 73.87; 74.10; 34.89; 55.22; 50.86
 20.06; 18.11; 21.67; 20.68; 94.44; 67.39; 68.77; 73.87; 74.09; 34.88; 55.19; 50.86
 20.04; 18.12; 21.67; 20.68; 94.43; 67.40; 68.79; 73.87; 74.10; 34.86; 55.18; 50.85
 20.05; 18.09; 21.69; 20.70; 94.42; 67.40; 68.82; 73.89; 74.10; 34.84; 55.16; 50.84
 20.05; 18.08; 21.69; 20.69; 94.42; 67.41; 68.81; 73.91; 74.09; 34.87; 55.16; 50.83
 20.06; 18.07; 21.70; 20.72; 94.43; 67.43; 68.81; 73.92; 74.09; 34.85; 55.11; 50.84
 20.07; 18.09; 21.70; 20.73; 94.43; 67.42; 68.80; 73.92; 74.11; 34.84; 55.08; 50.81
 20.09; 18.07; 21.71; 20.74; 94.43; 67.44; 68.80; 73.90; 74.14; 34.83; 55.04; 50.81
 20.08; 18.11; 21.69; 20.76; 94.44; 67.45; 68.78; 73.86; 74.13; 34.81; 55.06; 50.82
 20.11; 18.10; 21.71; 20.76; 94.44; 67.45; 68.80; 73.86; 74.13; 34.78; 55.05; 50.82
 20.11; 18.10; 21.70; 20.77; 94.44; 67.45; 68.78; 73.89; 74.11; 34.79; 55.07; 50.81
 20.12; 18.08; 21.71; 20.77; 94.43; 67.46; 68.79; 73.91; 74.13; 34.77; 55.03; 50.81
 20.10; 18.10; 21.73; 20.77; 94.42; 67.45; 68.79; 73.91; 74.15; 34.76; 55.02; 50.81
 20.10; 18.10; 21.74; 20.79; 94.41; 67.46; 68.81; 73.90; 74.13; 34.74; 55.02; 50.80
 20.09; 18.10; 21.75; 20.79; 94.42; 67.46; 68.82; 73.91; 74.14; 34.73; 55.03; 50.77
 20.10; 18.10; 21.75; 20.80; 94.40; 67.47; 68.85; 73.92; 74.14; 34.72; 55.00; 50.76
 20.07; 18.10; 21.76; 20.80; 94.41; 67.49; 68.84; 73.93; 74.14; 34.70; 55.00; 50.75
 20.08; 18.10; 21.77; 20.82; 94.41; 67.49; 68.84; 73.93; 74.16; 34.69; 54.97; 50.73
 20.07; 18.11; 21.77; 20.81; 94.41; 67.50; 68.85; 73.94; 74.16; 34.68; 54.97; 50.74
 20.08; 18.10; 21.78; 20.82; 94.41; 67.51; 68.86; 73.94; 74.16; 34.63; 54.96; 50.74
 20.10; 18.10; 21.83; 20.83; 94.41; 67.52; 68.85; 73.93; 74.15; 34.60; 54.92; 50.77
 20.10; 18.09; 21.84; 20.79; 94.42; 67.52; 68.84; 73.95; 74.16; 34.61; 54.92; 50.76
 20.11; 18.12; 21.86; 20.80; 94.43; 67.54; 68.82; 73.92; 74.12; 34.59; 54.90; 50.78
 20.12; 18.13; 21.87; 20.77; 94.44; 67.53; 68.82; 73.92; 74.13; 34.61; 54.91; 50.76
 20.15; 18.13; 21.90; 20.79; 94.43; 67.53; 68.79; 73.90; 74.09; 34.57; 54.93; 50.80
 20.16; 18.11; 21.92; 20.77; 94.43; 67.53; 68.78; 73.90; 74.11; 34.58; 54.91; 50.81
 20.18; 18.11; 21.94; 20.80; 94.44; 67.54; 68.75; 73.87; 74.10; 34.54; 54.90; 50.83
 20.20; 18.10; 21.92; 20.79; 94.44; 67.54; 68.77; 73.87; 74.10; 34.55; 54.90; 50.83
 20.19; 18.09; 21.95; 20.82; 94.44; 67.56; 68.76; 73.86; 74.08; 34.52; 54.89; 50.85
 20.20; 18.08; 21.97; 20.79; 94.45; 67.55; 68.75; 73.85; 74.09; 34.52; 54.90; 50.85
 20.23; 18.10; 21.97; 20.82; 94.44; 67.58; 68.72; 73.81; 74.07; 34.51; 54.87; 50.87
 20.23; 18.09; 21.98; 20.79; 94.44; 67.58; 68.74; 73.82; 74.07; 34.54; 54.86; 50.86
 20.27; 18.12; 22.00; 20.80; 94.45; 67.60; 68.71; 73.81; 74.08; 34.50; 54.80; 50.87
 20.27; 18.11; 22.01; 20.78; 94.45; 67.59; 68.73; 73.81; 74.08; 34.50; 54.80; 50.86
 20.28; 18.12; 22.01; 20.80; 94.46; 67.60; 68.70; 73.81; 74.05; 34.48; 54.81; 50.88
 20.29; 18.10; 22.02; 20.78; 94.46; 67.59; 68.69; 73.82; 74.06; 34.48; 54.82; 50.89
 20.31; 18.11; 22.05; 20.81; 94.47; 67.63; 68.66; 73.81; 74.01; 34.45; 54.77; 50.91
 20.31; 18.10; 22.07; 20.79; 94.48; 67.62; 68.65; 73.81; 74.02; 34.47; 54.77; 50.91
 20.32; 18.11; 22.08; 20.81; 94.49; 67.63; 68.60; 73.82; 73.98; 34.45; 54.77; 50.94
 20.31; 18.10; 22.11; 20.79; 94.48; 67.64; 68.62; 73.83; 73.98; 34.47; 54.75; 50.92
 20.31; 18.09; 22.10; 20.79; 94.48; 67.65; 68.59; 73.85; 73.99; 34.46; 54.77; 50.93
 20.32; 18.09; 22.10; 20.78; 94.49; 67.67; 68.59; 73.82; 73.98; 34.47; 54.76; 50.94
 20.32; 18.09; 22.09; 20.78; 94.49; 67.65; 68.59; 73.84; 73.97; 34.46; 54.76; 50.95
 20.35; 18.08; 22.09; 20.78; 94.50; 67.65; 68.57; 73.82; 73.97; 34.47; 54.76; 50.95
 20.34; 18.07; 22.08; 20.79; 94.49; 67.66; 68.59; 73.84; 73.98; 34.47; 54.74; 50.95
 20.37; 18.07; 22.09; 20.80; 94.49; 67.66; 68.57; 73.85; 73.94; 34.47; 54.74; 50.96
 20.38; 18.08; 22.08; 20.78; 94.47; 67.65; 68.56; 73.86; 73.94; 34.48; 54.76; 50.97
 20.39; 18.07; 22.07; 20.78; 94.47; 67.66; 68.55; 73.85; 73.93; 34.49; 54.76; 50.98
 20.40; 18.09; 22.06; 20.76; 94.46; 67.64; 68.55; 73.85; 73.95; 34.50; 54.77; 50.99
 20.42; 18.09; 22.04; 20.75; 94.46; 67.65; 68.53; 73.82; 73.93; 34.53; 54.75; 51.02
 20.42; 18.09; 22.03; 20.76; 94.47; 67.65; 68.53; 73.83; 73.93; 34.54; 54.76; 51.01
 20.43; 18.09; 22.03; 20.77; 94.47; 67.65; 68.53; 73.80; 73.90; 34.56; 54.72; 51.06
 20.42; 18.09; 22.02; 20.77; 94.46; 67.66; 68.54; 73.80; 73.90; 34.57; 54.72; 51.04
 20.44; 18.10; 22.01; 20.78; 94.46; 67.66; 68.54; 73.78; 73.87; 34.57; 54.71; 51.07
 20.42; 18.11; 21.99; 20.79; 94.46; 67.68; 68.54; 73.78; 73.88; 34.58; 54.71; 51.06
 20.43; 18.09; 21.99; 20.80; 94.47; 67.69; 68.52; 73.76; 73.88; 34.58; 54.72; 51.07
 20.44; 18.09; 21.97; 20.79; 94.47; 67.69; 68.52; 73.77; 73.89; 34.59; 54.73; 51.05
 20.46; 18.09; 21.96; 20.78; 94.48; 67.72; 68.51; 73.75; 73.86; 34.60; 54.72; 51.07
 20.47; 18.08; 21.94; 20.77; 94.48; 67.72; 68.50; 73.76; 73.87; 34.62; 54.72; 51.06
 20.49; 18.07; 21.95; 20.78; 94.49; 67.73; 68.50; 73.76; 73.85; 34.59; 54.71; 51.08
 20.51; 18.05; 21.96; 20.78; 94.49; 67.73; 68.52; 73.76; 73.83; 34.57; 54.70; 51.10
 20.53; 18.04; 21.95; 20.77; 94.50; 67.74; 68.50; 73.77; 73.82; 34.59; 54.68; 51.10
 20.52; 18.04; 21.96; 20.78; 94.51; 67.75; 68.49; 73.75; 73.81; 34.59; 54.69; 51.12
 20.53; 18.02; 21.98; 20.76; 94.51; 67.75; 68.47; 73.74; 73.79; 34.62; 54.68; 51.14
 20.53; 18.04; 21.97; 20.76; 94.52; 67.74; 68.46; 73.75; 73.76; 34.63; 54.68; 51.15
 20.55; 18.03; 21.97; 20.77; 94.52; 67.74; 68.42; 73.75; 73.76; 34.62; 54.72; 51.15
 20.56; 18.02; 21.97; 20.77; 94.52; 67.74; 68.42; 73.75; 73.76; 34.59; 54.74; 51.16
 20.58; 18.00; 21.98; 20.78; 94.52; 67.75; 68.41; 73.71; 73.73; 34.61; 54.72; 51.19
 20.59; 17.99; 21.98; 20.79; 94.53; 67.76; 68.41; 73.70; 73.72; 34.59; 54.74; 51.20
 20.61; 17.99; 21.97; 20.78; 94.53; 67.79; 68.36; 73.69; 73.72; 34.59; 54.75; 51.23
 20.62; 17.99; 21.98; 20.79; 94.53; 67.80; 68.35; 73.69; 73.69; 34.57; 54.77; 51.22
 20.62; 17.98; 21.97; 20.80; 94.53; 67.83; 68.31; 73.68; 73.67; 34.60; 54.78; 51.23
 20.62; 17.99; 21.97; 20.79; 94.54; 67.83; 68.33; 73.67; 73.67; 34.59; 54.79; 51.23
 20.64; 17.97; 21.97; 20.80; 94.54; 67.83; 68.29; 73.63; 73.70; 34.60; 54.80; 51.24
 20.65; 17.98; 21.98; 20.80; 94.54; 67.85; 68.30; 73.60; 73.69; 34.57; 54.80; 51.24
 20.66; 17.98; 21.96; 20.79; 94.55; 67.87; 68.31; 73.59; 73.67; 34.57; 54.78; 51.26
 20.69; 17.97; 21.95; 20.80; 94.55; 67.88; 68.29; 73.56; 73.65; 34.57; 54.79; 51.30
 20.72; 17.95; 21.96; 20.81; 94.56; 67.87; 68.26; 73.56; 73.63; 34.59; 54.79; 51.30
 20.73; 17.97; 21.96; 20.81; 94.56; 67.89; 68.26; 73.53; 73.63; 34.56; 54.79; 51.31
 20.76; 17.94; 21.95; 20.82; 94.56; 67.90; 68.23; 73.53; 73.64; 34.57; 54.80; 51.31
AdvancedAvocadoAgent                 Ag2O wins= 61.36% errs=  0.00% alls=700
AdvancedAvocadoAgent            Baseline1 wins= 23.86% errs=  0.00% alls=700
AdvancedAvocadoAgent            Baseline2 wins= 70.00% errs=  0.00% alls=700
AdvancedAvocadoAgent               ByteRL wins=  0.43% errs=  0.00% alls=700
AdvancedAvocadoAgent                 Chad wins=  5.00% errs=  0.00% alls=700
AdvancedAvocadoAgent                 Coac wins=  5.14% errs=  0.00% alls=700
AdvancedAvocadoAgent           DrainPower wins=  6.57% errs=  0.00% alls=700
AdvancedAvocadoAgent DrainPowerAggressive wins=  5.64% errs=  0.00% alls=700
AdvancedAvocadoAgent             LANE_1_0 wins= 30.79% errs=  0.00% alls=700
AdvancedAvocadoAgent      OneLaneIsEnough wins= 13.43% errs=  0.00% alls=700
AdvancedAvocadoAgent ReinforcedGreediness wins=  6.14% errs=  0.00% alls=700
                Ag2O AdvancedAvocadoAgent wins= 38.64% errs= 14.93% alls=700
                Ag2O            Baseline1 wins= 36.00% errs= 15.57% alls=700
                Ag2O            Baseline2 wins= 40.21% errs=  9.07% alls=700
                Ag2O               ByteRL wins=  0.00% errs=  3.64% alls=700
                Ag2O                 Chad wins=  5.86% errs=  7.29% alls=700
                Ag2O                 Coac wins=  5.79% errs=  6.21% alls=700
                Ag2O           DrainPower wins=  3.14% errs=  5.86% alls=700
                Ag2O DrainPowerAggressive wins=  3.50% errs=  5.21% alls=700
                Ag2O             LANE_1_0 wins= 20.00% errs=  9.07% alls=700
                Ag2O      OneLaneIsEnough wins= 22.50% errs=  6.86% alls=700
                Ag2O ReinforcedGreediness wins= 21.71% errs= 19.79% alls=700
           Baseline1 AdvancedAvocadoAgent wins= 76.14% errs=  0.00% alls=700
           Baseline1                 Ag2O wins= 64.00% errs=  0.00% alls=700
           Baseline1            Baseline2 wins= 35.21% errs=  0.00% alls=700
           Baseline1               ByteRL wins=  0.07% errs=  0.00% alls=700
           Baseline1                 Chad wins=  4.36% errs=  0.00% alls=700
           Baseline1                 Coac wins=  2.93% errs=  0.00% alls=700
           Baseline1           DrainPower wins=  4.00% errs=  0.00% alls=700
           Baseline1 DrainPowerAggressive wins=  4.86% errs=  0.00% alls=700
           Baseline1             LANE_1_0 wins= 31.07% errs=  0.00% alls=700
           Baseline1      OneLaneIsEnough wins= 14.57% errs=  0.00% alls=700
           Baseline1 ReinforcedGreediness wins=  4.21% errs=  0.00% alls=700
           Baseline2 AdvancedAvocadoAgent wins= 30.00% errs=  0.00% alls=700
           Baseline2                 Ag2O wins= 59.79% errs=  0.00% alls=700
           Baseline2            Baseline1 wins= 64.79% errs=  0.00% alls=700
           Baseline2               ByteRL wins=  0.00% errs=  0.00% alls=700
           Baseline2                 Chad wins=  5.64% errs=  0.00% alls=700
           Baseline2                 Coac wins=  2.64% errs=  0.00% alls=700
           Baseline2           DrainPower wins=  8.21% errs=  0.00% alls=700
           Baseline2 DrainPowerAggressive wins=  7.64% errs=  0.00% alls=700
           Baseline2             LANE_1_0 wins= 36.86% errs=  0.00% alls=700
           Baseline2      OneLaneIsEnough wins=  8.86% errs=  0.00% alls=700
           Baseline2 ReinforcedGreediness wins=  4.57% errs=  0.00% alls=700
              ByteRL AdvancedAvocadoAgent wins= 99.57% errs=  0.00% alls=700
              ByteRL                 Ag2O wins=100.00% errs=  0.00% alls=700
              ByteRL            Baseline1 wins= 99.93% errs=  0.00% alls=700
              ByteRL            Baseline2 wins=100.00% errs=  0.00% alls=700
              ByteRL                 Chad wins= 95.71% errs=  0.00% alls=700
              ByteRL                 Coac wins= 86.29% errs=  0.00% alls=700
              ByteRL           DrainPower wins= 86.57% errs=  0.00% alls=700
              ByteRL DrainPowerAggressive wins= 83.07% errs=  0.00% alls=700
              ByteRL             LANE_1_0 wins= 97.57% errs=  0.00% alls=700
              ByteRL      OneLaneIsEnough wins= 94.50% errs=  0.00% alls=700
              ByteRL ReinforcedGreediness wins= 96.93% errs=  0.00% alls=700
                Chad AdvancedAvocadoAgent wins= 95.00% errs=  0.21% alls=700
                Chad                 Ag2O wins= 94.14% errs=  0.07% alls=700
                Chad            Baseline1 wins= 95.64% errs=  0.21% alls=700
                Chad            Baseline2 wins= 94.36% errs=  0.00% alls=700
                Chad               ByteRL wins=  4.29% errs=  0.07% alls=700
                Chad                 Coac wins= 39.43% errs=  0.14% alls=700
                Chad           DrainPower wins= 36.64% errs=  0.29% alls=700
                Chad DrainPowerAggressive wins= 38.43% errs=  0.07% alls=700
                Chad             LANE_1_0 wins= 80.50% errs=  0.00% alls=700
                Chad      OneLaneIsEnough wins= 69.86% errs=  0.07% alls=700
                Chad ReinforcedGreediness wins= 98.57% errs=  0.07% alls=700
                Coac AdvancedAvocadoAgent wins= 94.86% errs=  0.00% alls=700
                Coac                 Ag2O wins= 94.21% errs=  0.00% alls=700
                Coac            Baseline1 wins= 97.07% errs=  0.00% alls=700
                Coac            Baseline2 wins= 97.36% errs=  0.00% alls=700
                Coac               ByteRL wins= 13.71% errs=  0.00% alls=700
                Coac                 Chad wins= 60.57% errs=  0.00% alls=700
                Coac           DrainPower wins= 39.43% errs=  0.00% alls=700
                Coac DrainPowerAggressive wins= 42.14% errs=  0.00% alls=700
                Coac             LANE_1_0 wins= 85.36% errs=  0.07% alls=700
                Coac      OneLaneIsEnough wins= 56.00% errs=  0.00% alls=700
                Coac ReinforcedGreediness wins= 69.79% errs=  0.00% alls=700
          DrainPower AdvancedAvocadoAgent wins= 93.43% errs=  0.00% alls=700
          DrainPower                 Ag2O wins= 96.86% errs=  0.14% alls=700
          DrainPower            Baseline1 wins= 96.00% errs=  0.29% alls=700
          DrainPower            Baseline2 wins= 91.79% errs=  0.07% alls=700
          DrainPower               ByteRL wins= 13.43% errs=  0.14% alls=700
          DrainPower                 Chad wins= 63.36% errs=  0.07% alls=700
          DrainPower                 Coac wins= 60.57% errs=  0.07% alls=700
          DrainPower DrainPowerAggressive wins= 48.79% errs=  0.14% alls=700
          DrainPower             LANE_1_0 wins= 91.93% errs=  0.14% alls=700
          DrainPower      OneLaneIsEnough wins= 74.86% errs=  0.07% alls=700
          DrainPower ReinforcedGreediness wins= 77.86% errs=  0.36% alls=700
DrainPowerAggressive AdvancedAvocadoAgent wins= 94.36% errs=  0.00% alls=700
DrainPowerAggressive                 Ag2O wins= 96.50% errs=  0.00% alls=700
DrainPowerAggressive            Baseline1 wins= 95.14% errs=  0.36% alls=700
DrainPowerAggressive            Baseline2 wins= 92.36% errs=  0.07% alls=700
DrainPowerAggressive               ByteRL wins= 16.93% errs=  0.14% alls=700
DrainPowerAggressive                 Chad wins= 61.57% errs=  0.00% alls=700
DrainPowerAggressive                 Coac wins= 57.86% errs=  0.07% alls=700
DrainPowerAggressive           DrainPower wins= 51.21% errs=  0.14% alls=700
DrainPowerAggressive             LANE_1_0 wins= 92.21% errs=  0.07% alls=700
DrainPowerAggressive      OneLaneIsEnough wins= 73.21% errs=  0.14% alls=700
DrainPowerAggressive ReinforcedGreediness wins= 78.64% errs=  0.00% alls=700
            LANE_1_0 AdvancedAvocadoAgent wins= 69.21% errs=  0.00% alls=700
            LANE_1_0                 Ag2O wins= 80.00% errs=  0.07% alls=700
            LANE_1_0            Baseline1 wins= 68.93% errs=  0.00% alls=700
            LANE_1_0            Baseline2 wins= 63.14% errs=  0.00% alls=700
            LANE_1_0               ByteRL wins=  2.43% errs=  0.07% alls=700
            LANE_1_0                 Chad wins= 19.50% errs=  0.00% alls=700
            LANE_1_0                 Coac wins= 14.64% errs=  0.00% alls=700
            LANE_1_0           DrainPower wins=  8.07% errs=  0.00% alls=700
            LANE_1_0 DrainPowerAggressive wins=  7.79% errs=  0.00% alls=700
            LANE_1_0      OneLaneIsEnough wins= 15.86% errs=  0.00% alls=700
            LANE_1_0 ReinforcedGreediness wins= 30.71% errs=  0.00% alls=700
     OneLaneIsEnough AdvancedAvocadoAgent wins= 86.57% errs=  6.14% alls=700
     OneLaneIsEnough                 Ag2O wins= 77.50% errs=  0.79% alls=700
     OneLaneIsEnough            Baseline1 wins= 85.43% errs=  2.14% alls=700
     OneLaneIsEnough            Baseline2 wins= 91.14% errs=  2.36% alls=700
     OneLaneIsEnough               ByteRL wins=  5.50% errs=  0.93% alls=700
     OneLaneIsEnough                 Chad wins= 30.14% errs=  2.07% alls=700
     OneLaneIsEnough                 Coac wins= 44.00% errs=  3.57% alls=700
     OneLaneIsEnough           DrainPower wins= 25.14% errs=  1.50% alls=700
     OneLaneIsEnough DrainPowerAggressive wins= 26.79% errs=  1.36% alls=700
     OneLaneIsEnough             LANE_1_0 wins= 84.14% errs=  1.50% alls=700
     OneLaneIsEnough ReinforcedGreediness wins= 46.43% errs=  4.50% alls=700
ReinforcedGreediness AdvancedAvocadoAgent wins= 93.86% errs=  0.14% alls=700
ReinforcedGreediness                 Ag2O wins= 78.29% errs=  0.00% alls=700
ReinforcedGreediness            Baseline1 wins= 95.79% errs=  0.21% alls=700
ReinforcedGreediness            Baseline2 wins= 95.43% errs=  0.00% alls=700
ReinforcedGreediness               ByteRL wins=  3.07% errs=  0.00% alls=700
ReinforcedGreediness                 Chad wins=  1.43% errs=  0.00% alls=700
ReinforcedGreediness                 Coac wins= 30.21% errs=  0.00% alls=700
ReinforcedGreediness           DrainPower wins= 22.14% errs=  0.00% alls=700
ReinforcedGreediness DrainPowerAggressive wins= 21.36% errs=  0.00% alls=700
ReinforcedGreediness             LANE_1_0 wins= 69.29% errs=  0.00% alls=700
ReinforcedGreediness      OneLaneIsEnough wins= 53.57% errs=  0.07% alls=700
              ByteRL wins= 94.56% errs=  0.00% alls=7700 avg= 27.23 17.04ms
DrainPowerAggressive wins= 73.64% errs=  0.09% alls=7700 avg= 43.63 58.87ms
          DrainPower wins= 73.53% errs=  0.14% alls=7700 avg= 43.52 58.75ms
                Coac wins= 68.23% errs=  0.01% alls=7700 avg= 12.41 19.43ms
                Chad wins= 67.90% errs=  0.11% alls=7700 avg=175.68 48.80ms
     OneLaneIsEnough wins= 54.80% errs=  2.44% alls=7700 avg=  6.23 16.10ms
ReinforcedGreediness wins= 51.31% errs=  0.04% alls=7700 avg= 54.27 64.49ms
            LANE_1_0 wins= 34.57% errs=  0.01% alls=7700 avg= 16.08 19.60ms
           Baseline1 wins= 21.95% errs=  0.00% alls=7700 avg=  2.98  1.63ms
           Baseline2 wins= 20.82% errs=  0.00% alls=7700 avg=  3.27  1.65ms
AdvancedAvocadoAgent wins= 20.76% errs=  0.00% alls=7700 avg=  5.89  8.97ms
                Ag2O wins= 17.94% errs=  9.41% alls=7700 avg=121.40 66.33ms
