Coac;Marasbot;Conrisc;AntiSquid;Baseline1;Baseline2;UJIAgent1;UJIAgent2
96.88;25.00;25.00;37.50;12.50;12.50;25.00;62.50
97.50;47.50;42.50;37.50;12.50;25.00;37.50;62.50
95.83;41.67;41.67;43.75;12.50;25.00;47.92;60.42
96.43;46.43;46.43;48.21;16.07;32.14;50.00;64.29
95.45;45.31;42.19;50.00;15.62;28.12;46.88;59.38
94.79;50.00;44.79;51.04;15.28;27.78;44.44;58.33
95.19;48.08;44.23;51.92;13.75;25.00;50.00;57.69
95.54;48.21;43.75;52.68;20.54;29.46;51.79;58.04
95.14;46.67;40.83;52.08;21.67;29.17;50.00;55.00
94.74;45.39;44.74;53.29;21.88;28.91;50.00;53.91
94.38;43.75;45.62;53.12;21.32;27.94;49.38;56.88
94.64;44.64;46.43;53.57;25.00;27.98;49.40;58.33
95.00;44.32;44.89;52.50;24.43;27.27;48.86;56.25
94.71;44.23;47.12;53.85;23.91;26.09;48.37;56.52
94.91;44.44;46.30;53.70;23.96;26.56;48.15;56.48
94.64;45.54;46.43;54.91;25.45;28.12;47.32;57.59
94.92;43.97;45.26;55.47;25.00;27.59;46.55;56.03
94.70;45.45;44.32;54.55;24.17;28.75;47.50;56.67
94.49;45.22;45.22;54.04;24.19;28.23;47.06;57.35
94.29;45.00;46.07;53.93;25.36;29.64;47.50;58.21
94.23;44.44;44.79;54.17;25.35;29.17;46.18;57.64
94.06;45.94;45.31;54.06;25.68;28.38;45.61;57.77
93.90;45.12;44.82;54.27;25.00;28.29;46.65;58.54
94.05;45.83;45.24;54.46;26.49;28.27;47.02;58.63
94.29;45.64;44.48;53.80;26.45;27.91;46.51;57.56
94.41;46.54;44.41;53.72;26.14;28.12;46.88;57.10
94.01;46.09;44.27;53.39;25.83;27.78;47.14;58.59
94.13;46.43;44.39;53.32;26.28;29.34;47.45;58.67
94.10;46.00;43.50;53.77;26.00;28.75;46.75;58.25
93.98;46.53;44.44;53.47;25.74;28.92;46.57;58.09
94.09;46.36;43.86;53.86;25.48;28.61;47.95;57.27
94.20;46.65;43.75;54.46;26.34;28.79;48.21;57.59
94.58;45.83;43.20;54.37;26.32;28.51;47.37;57.24
94.47;45.70;43.65;54.10;26.51;28.66;47.20;57.76
94.15;45.36;43.55;54.03;26.27;28.39;48.39;57.66
94.25;45.24;43.85;53.77;26.98;29.56;48.41;57.94
94.40;45.12;43.36;53.92;26.56;29.30;47.66;57.42
94.49;46.51;43.38;53.86;26.35;29.04;47.31;57.31
94.20;46.20;43.48;53.80;25.95;28.79;48.01;57.61
94.29;46.25;43.75;54.11;25.89;29.29;48.39;58.04
94.26;45.95;43.49;54.39;25.70;28.87;47.71;57.57
94.00;47.33;43.17;54.17;25.69;28.82;47.40;57.81
93.75;46.88;43.26;54.44;25.86;28.77;47.86;57.40
93.67;46.92;42.86;54.55;26.95;29.87;47.89;57.31
93.83;46.96;42.31;54.32;26.92;29.65;47.44;56.73
93.75;47.26;42.68;54.12;27.06;29.91;46.99;56.80
93.52;47.44;42.92;53.92;27.03;29.69;46.69;57.23
93.60;47.77;43.30;54.32;26.49;30.21;46.73;57.59
93.61;47.65;42.79;54.69;26.18;30.00;46.18;57.21
93.54;48.31;43.12;54.49;26.31;29.80;45.78;57.27
93.47;48.06;43.06;54.86;26.01;29.74;45.42;57.92
93.41;48.08;43.13;54.67;26.51;30.49;45.47;58.24
93.42;47.83;42.93;54.87;26.49;30.30;44.97;57.61
93.49;48.18;42.97;54.69;26.48;30.38;44.62;57.93
93.30;48.32;43.04;54.64;26.46;30.32;44.85;57.73
93.24;48.21;43.24;54.59;27.04;30.48;45.15;58.04
93.38;47.98;43.06;54.04;27.15;30.43;44.70;57.83
93.33;48.42;43.81;53.88;27.12;30.25;44.38;57.63
93.27;48.32;43.99;54.09;26.98;30.20;44.23;57.69
93.21;48.21;44.05;54.29;27.38;30.36;44.52;57.98
93.00;48.23;43.63;54.36;27.48;30.19;44.10;57.67
92.95;48.64;43.52;54.32;27.57;30.02;44.16;57.71
92.91;48.87;43.24;54.39;27.43;30.09;44.59;57.32
92.97;49.11;43.30;54.35;28.12;30.02;44.64;57.48
93.00;48.78;43.14;54.53;28.10;29.76;44.36;57.08
92.95;49.47;43.06;54.27;27.96;29.93;44.08;57.24
92.90;49.26;43.11;54.56;27.93;29.89;44.07;57.20
92.75;49.37;43.17;54.73;28.36;30.04;44.22;57.35
92.99;49.17;42.81;54.67;28.23;29.90;43.96;57.08
92.84;49.40;42.54;54.64;28.41;30.06;43.90;57.23
92.90;49.50;42.60;54.70;28.28;29.82;43.80;57.40
92.96;49.70;42.66;54.66;28.67;29.86;43.95;57.54
93.17;49.61;42.52;54.33;28.44;29.82;43.60;57.38
93.23;49.81;42.75;54.20;28.42;29.98;43.36;57.32
93.18;49.72;42.71;54.26;28.20;29.94;43.18;57.86
93.23;49.72;42.67;54.32;28.29;30.55;43.14;58.08
93.25;49.44;42.35;54.56;28.36;30.50;42.82;57.65
93.12;49.82;42.66;54.44;28.52;30.56;42.69;57.31
93.08;49.64;42.54;54.50;28.40;30.70;42.63;57.64
93.12;49.73;42.86;54.73;28.57;30.36;42.77;57.86
93.06;49.65;42.55;55.03;28.46;30.23;42.46;57.54
93.10;49.57;42.84;55.00;28.52;30.28;42.34;57.48
93.15;49.32;42.72;54.88;28.50;30.24;42.38;57.96
93.20;49.32;42.69;54.68;28.49;31.12;42.52;57.99
93.29;49.24;42.48;54.14;28.38;31.25;42.31;57.94
93.34;49.10;42.85;54.19;28.19;31.46;42.20;57.89
93.38;49.10;42.73;54.41;28.08;31.33;41.99;58.17
93.43;49.27;42.78;54.38;28.00;31.90;42.05;58.20
93.59;49.19;42.66;54.27;27.82;31.77;41.85;57.90
93.63;49.21;42.92;54.09;27.64;32.13;41.75;57.85
93.67;49.22;42.89;54.14;27.55;32.25;41.88;57.66
93.71;49.22;43.01;54.19;27.33;32.92;41.85;57.76
93.86;49.07;42.82;54.24;27.16;32.87;41.59;57.48
93.90;49.02;43.30;54.22;26.99;32.98;41.41;57.44
93.94;49.18;43.26;54.34;26.91;33.16;41.24;57.26
93.97;49.18;43.08;54.17;27.23;33.93;41.07;57.37
93.97;49.04;42.97;54.22;27.07;33.80;40.90;57.17
94.00;48.77;43.14;54.26;26.99;33.97;40.96;57.21
93.97;48.85;43.18;54.38;26.90;33.92;40.73;57.40
94.00;48.86;43.14;54.36;26.79;34.64;40.71;57.50
94.06;48.72;43.04;54.26;26.78;34.52;40.48;57.32
93.96;48.82;43.40;54.10;26.77;34.46;40.40;57.42
93.99;48.90;43.37;54.07;26.76;34.41;40.54;57.32
94.02;48.83;43.54;54.26;26.65;34.82;40.52;57.35
94.09;48.57;43.37;54.50;26.50;34.70;40.30;57.17
94.12;48.66;43.32;54.48;26.49;34.85;40.15;57.27
94.15;48.60;43.35;54.52;26.42;34.80;40.16;57.38
94.18;48.68;43.32;54.50;26.46;35.19;40.15;57.54
94.24;48.55;43.16;54.40;26.45;35.00;40.00;57.43
94.27;48.58;43.36;54.25;26.31;35.01;40.05;57.53
94.23;48.65;43.27;54.29;26.37;35.03;39.94;57.63
94.26;48.79;43.30;54.21;26.28;35.46;40.05;57.65
94.25;48.54;43.21;54.31;26.14;35.34;39.85;57.61
94.28;48.63;43.41;54.23;26.14;35.35;39.77;57.58
94.31;48.70;43.32;54.15;26.01;35.36;39.91;57.67
94.33;48.58;43.53;54.31;25.99;35.59;39.90;57.76
94.44;48.41;43.32;54.35;25.92;35.54;39.71;57.60
94.47;48.26;43.69;54.39;25.85;35.61;39.63;57.50
94.44;48.21;43.72;54.37;25.85;35.56;39.47;57.83
94.46;48.27;43.87;54.35;25.89;35.77;39.52;57.86
94.45;48.22;43.78;54.38;25.77;35.60;39.45;57.64
94.42;48.37;43.60;54.36;25.83;35.67;39.56;57.61
94.39;48.21;43.40;54.34;25.76;35.56;39.99;57.81
94.41;48.16;43.38;54.26;25.98;35.94;39.98;57.89
94.51;48.11;43.29;53.96;26.03;35.78;39.85;57.80
94.54;48.37;43.30;53.83;26.03;35.67;39.84;57.88
94.56;48.37;43.11;53.70;25.91;35.57;40.47;57.79
94.59;48.38;43.02;53.68;26.00;35.83;40.62;57.87
94.57;48.33;42.83;53.56;26.00;35.83;40.50;57.72
94.60;48.31;42.90;53.49;25.88;35.95;40.54;57.80
94.57;48.26;42.77;53.37;25.83;35.85;40.92;57.93
94.53;48.32;42.86;53.41;25.87;36.15;40.91;57.95
94.63;48.33;42.78;53.30;25.86;35.99;40.79;57.70
94.54;48.25;42.90;53.34;25.86;36.11;40.83;57.67
94.57;48.10;42.72;53.27;25.80;36.11;41.19;57.75
94.54;48.06;42.70;53.31;25.68;36.61;41.28;57.83
94.52;47.96;42.52;53.31;25.63;36.56;41.21;57.69
94.55;48.10;42.75;53.19;25.62;36.51;41.15;57.66
94.57;48.00;42.73;53.07;25.52;36.36;41.50;57.79
94.54;48.01;42.81;53.06;25.77;36.53;41.53;57.76
94.58;47.97;42.73;52.71;25.76;36.48;41.46;57.72
94.60;48.05;42.80;52.70;25.86;36.49;41.45;57.59
94.62;47.91;42.68;52.69;25.76;36.44;41.73;57.72
94.59;47.97;42.66;52.68;25.89;36.66;41.72;57.84
94.68;47.88;42.64;52.25;25.99;36.56;41.70;57.76
94.70;47.81;42.66;52.14;25.98;36.71;41.68;57.87
94.72;47.72;42.59;51.99;25.88;36.72;41.91;58.04
94.74;47.73;42.66;51.88;25.82;37.16;41.84;58.16
94.77;47.74;42.50;51.90;25.77;37.07;41.73;57.98
94.79;47.59;42.52;51.89;25.81;37.12;41.81;58.05
94.72;47.50;42.36;51.79;25.72;37.07;42.22;58.21
94.69;47.51;42.25;51.79;25.85;37.36;42.29;58.27
94.63;47.52;42.13;51.67;25.84;37.31;42.18;58.19
94.65;47.65;42.11;51.57;25.75;37.31;42.30;58.26
94.67;47.52;42.05;51.56;25.65;37.22;42.51;58.41
94.69;47.53;42.03;51.65;25.78;37.27;42.58;58.47
94.72;47.49;41.93;51.49;25.82;37.23;42.52;58.30
94.69;47.80;42.04;51.39;25.77;37.14;42.50;58.27
94.62;47.67;41.94;51.34;25.77;37.14;42.74;58.38
94.60;47.68;41.96;51.47;25.94;37.19;42.86;58.30
94.59;47.64;41.81;51.58;25.85;37.10;42.70;58.23
94.61;47.68;41.89;51.62;25.84;37.01;42.73;58.24
94.62;47.64;41.78;51.66;25.80;36.88;42.96;58.26
94.64;47.65;41.81;51.66;25.83;36.98;43.07;58.36
94.67;47.61;41.71;51.55;25.78;36.98;42.97;58.25
94.69;47.69;41.78;51.63;25.74;36.98;42.95;58.17
94.71;47.61;41.72;51.62;25.73;36.90;43.05;58.28
94.73;47.62;41.79;51.74;25.68;36.99;43.11;58.33
94.76;47.58;41.74;51.80;25.59;36.86;42.97;58.22
94.77;47.49;41.89;51.71;25.59;36.87;43.03;58.28
94.79;47.42;41.88;51.71;25.59;36.83;43.08;58.33
94.81;47.51;41.86;51.70;25.58;36.96;43.15;58.43
94.88;47.43;41.80;51.68;25.50;36.84;43.05;58.36
94.89;47.43;41.99;51.63;25.50;36.84;43.03;58.33
94.91;47.43;41.98;51.67;25.45;36.80;43.08;58.31
94.93;47.44;42.05;51.79;25.45;36.89;43.14;58.32
94.95;47.41;41.99;51.80;25.40;36.77;43.00;58.21
94.97;47.60;41.93;51.76;25.40;36.77;43.06;58.15
94.98;47.53;41.84;51.79;25.36;36.74;43.31;58.08
94.96;47.62;41.90;51.87;25.32;36.90;43.37;58.06
95.02;47.47;41.85;52.00;25.28;36.83;43.24;57.87
95.04;47.58;41.95;51.95;25.24;36.79;43.22;57.89
95.02;47.62;41.90;51.91;25.16;36.83;43.34;57.87
94.99;47.67;41.96;51.94;25.12;37.00;43.44;57.88
95.05;47.68;41.83;51.96;25.04;36.96;43.30;57.74
95.03;47.86;41.86;51.87;25.08;36.88;43.29;57.79
95.01;47.83;41.84;51.83;25.00;36.85;43.29;58.00
95.02;47.95;41.87;51.82;24.92;37.08;43.31;58.02
95.08;47.92;41.74;51.91;24.85;37.01;43.18;57.88
95.10;47.98;41.73;52.02;24.85;36.97;43.16;57.85
95.11;47.91;41.68;52.01;24.77;36.94;43.32;57.91
95.13;47.84;41.63;52.08;24.85;37.13;43.34;58.00
95.18;47.85;41.51;52.02;24.78;37.05;43.32;57.86
95.20;47.91;41.57;52.02;24.78;37.06;43.31;57.84
95.18;47.81;41.56;52.05;24.71;36.98;43.49;57.89
95.15;47.85;41.69;52.11;24.78;36.95;43.55;57.91
95.17;47.78;41.57;52.16;24.75;36.92;43.46;57.78
95.15;47.81;41.59;52.19;24.67;36.92;43.48;57.86
95.16;47.82;41.51;52.15;24.64;36.92;43.55;57.92
95.18;47.82;41.61;52.21;24.75;36.89;43.54;58.00
95.13;47.83;41.60;52.05;24.75;36.86;43.41;57.98
95.07;48.10;41.55;51.97;24.72;36.93;43.36;57.99
95.08;48.10;41.50;51.97;24.65;36.90;43.50;57.97
95.10;48.11;41.56;52.03;24.61;37.01;43.56;58.02
95.08;48.01;41.48;52.04;24.62;36.98;43.44;57.96
95.10;48.20;41.40;52.00;24.58;36.98;43.49;57.94
95.11;48.21;41.43;51.93;24.55;36.94;43.42;58.09
95.12;48.21;41.48;51.85;24.59;37.09;43.51;58.14
95.18;48.15;41.37;51.94;24.55;36.99;43.42;58.01
95.16;48.24;41.53;51.93;24.52;36.95;43.37;57.99
95.14;48.18;41.59;51.96;24.49;36.99;43.31;58.04
95.15;48.18;41.61;51.95;24.53;37.20;43.36;58.02
95.10;48.12;41.57;51.90;24.50;37.20;43.28;57.96
95.11;48.07;41.52;51.89;24.53;37.30;43.23;58.04
95.13;48.11;41.48;51.89;24.47;37.33;43.17;58.12
95.14;48.15;41.53;51.92;24.57;37.27;43.22;58.20
95.16;48.09;41.46;51.93;24.51;37.27;43.11;58.11
95.17;48.07;41.48;51.93;24.57;37.27;43.09;58.13
95.15;47.98;41.41;51.99;24.51;37.27;43.29;58.11
95.13;47.99;41.53;52.01;24.45;37.50;43.31;58.08
95.15;47.93;41.45;52.02;24.42;37.44;43.20;58.03
95.16;48.14;41.60;51.92;24.39;37.47;43.09;57.95
95.17;48.15;41.59;51.95;24.32;37.44;43.16;57.93
95.15;48.25;41.65;51.98;24.33;37.47;43.21;57.97
95.11;48.19;41.54;52.05;24.30;37.47;43.10;57.89
95.12;48.36;41.56;51.98;24.27;37.47;43.05;57.90
95.13;48.40;41.52;51.95;24.24;37.41;43.12;57.95
95.14;48.46;41.57;51.88;24.40;37.47;43.14;57.93
95.19;48.41;41.50;51.83;24.41;37.47;43.03;57.81
95.20;48.55;41.52;51.83;24.35;37.53;42.96;57.79
95.22;48.52;41.54;51.82;24.28;37.53;43.02;57.78
95.23;48.52;41.59;51.88;24.29;37.62;43.10;57.76
95.27;48.53;41.55;51.77;24.23;37.56;43.06;57.68
95.29;48.60;41.48;51.79;24.23;37.62;43.01;57.69
95.27;48.70;41.47;51.79;24.24;37.62;42.99;57.65
95.28;48.73;41.53;51.79;24.52;37.53;43.01;57.63
95.29;48.67;41.46;51.77;24.49;37.47;43.00;57.52
95.25;48.68;41.60;51.79;24.52;37.47;42.95;57.47
95.26;48.66;41.56;51.82;24.46;37.53;43.02;57.43
95.27;48.69;41.67;51.85;24.40;37.65;43.10;57.38
95.31;48.63;41.57;51.83;24.38;37.62;42.99;57.33
95.32;48.76;41.62;51.88;24.38;37.59;42.92;57.26
95.31;48.71;41.70;51.82;24.32;37.53;42.99;57.37
95.32;48.80;41.66;51.84;24.39;37.62;42.97;57.41
95.36;48.74;41.65;51.83;24.36;37.53;42.90;57.30
95.34;48.76;41.75;51.85;24.36;37.47;42.92;57.28
95.35;48.79;41.71;51.88;24.33;37.44;42.93;57.30
95.31;48.82;41.73;51.93;24.42;37.44;43.00;57.34
95.29;48.79;41.70;51.88;24.37;37.41;42.96;57.27
95.24;48.95;41.80;51.82;24.37;37.44;42.89;57.22
95.26;48.98;41.76;51.85;24.34;37.41;42.98;57.16
95.27;49.01;41.81;51.93;24.35;37.39;43.03;57.23
95.28;48.98;41.74;51.85;24.32;37.39;42.99;57.13
95.29;49.05;41.84;51.79;24.32;37.39;42.89;57.17
95.30;49.08;41.81;51.85;24.32;37.39;42.84;57.16
95.31;49.08;41.82;51.87;24.33;37.47;42.89;57.23
95.35;49.00;41.79;51.77;24.33;37.42;42.85;57.18
95.31;49.03;41.89;51.77;24.31;37.44;42.78;57.22
95.32;48.95;41.85;51.73;24.25;37.39;42.95;57.30
95.33;49.01;41.90;51.76;24.40;37.36;42.91;57.34
95.37;48.96;41.80;51.77;24.34;37.34;42.85;57.26
95.38;48.97;41.93;51.74;24.32;37.31;42.83;57.28
95.36;48.92;41.89;51.76;24.26;37.25;42.98;57.32
95.37;48.97;41.83;51.73;24.35;37.39;42.99;57.36
95.39;48.92;41.77;51.69;24.30;37.39;42.90;57.34
95.37;49.01;41.84;51.66;24.33;37.37;42.83;57.35
95.38;48.96;41.80;51.66;24.27;37.34;42.92;57.43
95.39;49.01;41.82;51.65;24.25;37.50;42.94;57.44
95.40;48.96;41.76;51.64;24.26;37.45;42.85;57.39
95.41;49.05;41.88;51.58;24.26;37.39;42.81;57.38
95.42;49.00;41.87;51.61;24.21;37.37;42.92;57.37
95.43;49.00;41.89;51.60;24.26;37.47;42.91;57.43
95.47;48.95;41.82;51.56;24.27;37.45;42.82;57.36
95.45;49.01;42.07;51.46;24.24;37.45;42.76;57.32
95.46;48.99;42.04;51.43;24.24;37.42;42.71;57.47
95.47;48.96;42.05;51.48;24.30;37.47;42.73;57.53
95.51;48.89;41.99;51.46;24.33;37.42;42.67;57.44
95.49;49.03;42.03;51.43;24.30;37.40;42.63;57.45
95.50;48.98;42.00;51.43;24.25;37.37;42.74;57.49
95.51;48.98;41.99;51.51;24.31;37.37;42.76;57.58
95.50;48.93;41.96;51.47;24.29;37.32;42.69;57.56
95.51;48.96;41.87;51.49;24.26;37.35;42.71;57.62
95.44;48.94;41.83;51.44;24.29;37.30;42.84;57.69
95.42;48.99;41.88;51.46;24.30;37.32;42.91;57.72
95.41;48.95;41.89;51.47;24.27;37.27;42.85;57.61
95.39;49.03;41.78;51.47;24.30;37.27;42.89;57.64
95.40;48.96;41.72;51.39;24.30;37.20;43.04;57.75
95.39;49.01;41.79;51.36;24.36;37.23;43.11;57.76
95.35;48.99;41.73;51.40;24.36;37.15;43.07;57.67
95.33;49.02;41.70;51.40;24.36;37.20;43.11;57.66
95.32;49.00;41.67;51.42;24.38;37.18;43.21;57.60
95.33;49.02;41.68;51.39;24.46;37.26;43.20;57.66
95.29;48.95;41.63;51.43;24.44;37.18;43.19;57.62
95.28;48.98;41.57;51.45;24.49;37.21;43.20;57.60
95.26;48.91;41.51;51.43;24.46;37.14;43.38;57.69
95.27;48.91;41.48;51.50;24.57;37.14;43.39;57.75
95.28;48.87;41.43;51.46;24.57;37.09;43.38;57.66
95.29;48.85;41.52;51.43;24.54;37.09;43.37;57.69
95.28;48.85;41.46;51.46;24.54;37.04;43.49;57.66
95.24;48.83;41.43;51.45;24.76;37.07;43.48;57.74
95.23;48.79;41.37;51.51;24.71;37.00;43.42;57.70
95.24;48.84;41.42;51.49;24.67;37.03;43.45;57.66
95.22;48.78;41.36;51.46;24.64;37.00;43.55;57.77
95.21;48.85;41.38;51.50;24.67;37.01;43.63;57.75
95.22;48.80;41.32;51.54;24.67;36.94;43.60;57.65
95.23;48.81;41.22;51.61;24.72;36.94;43.61;57.65
95.19;48.77;41.17;51.63;24.72;36.92;43.70;57.69
95.20;48.79;41.16;51.62;24.81;36.94;43.76;57.70
95.19;48.77;41.13;51.63;24.79;36.90;43.70;57.62
95.20;48.76;41.15;51.63;24.79;36.95;43.72;57.60
95.18;48.76;41.10;51.58;24.79;36.92;43.83;57.61
95.19;48.79;41.07;51.63;24.79;37.02;43.89;57.62
95.18;48.74;41.04;51.61;24.77;36.95;43.83;57.61
95.17;48.84;40.99;51.59;24.75;37.00;43.86;57.60
95.18;48.75;40.94;51.52;24.73;37.00;44.00;57.68
95.19;48.78;40.96;51.56;24.75;37.05;44.06;57.66
95.18;48.71;40.91;51.64;24.71;37.00;44.02;57.58
95.16;48.70;40.88;51.64;24.75;37.05;44.01;57.61
95.15;48.70;40.83;51.59;24.73;37.01;44.16;57.63
95.16;48.75;40.83;51.63;24.73;37.08;44.20;57.63
95.15;48.73;40.75;51.64;24.73;37.05;44.14;57.55
95.13;48.69;40.91;51.66;24.71;37.03;44.13;57.54
95.14;48.63;40.86;51.61;24.73;37.01;44.28;57.53
95.15;48.61;40.90;51.59;24.82;37.01;44.33;57.58
95.16;48.59;40.82;51.64;24.78;36.99;44.26;57.50
95.15;48.56;41.00;51.60;24.78;36.99;44.22;57.51
95.14;48.49;40.97;51.68;24.74;36.97;44.26;57.55
95.14;48.50;40.96;51.72;24.72;37.09;44.32;57.56
95.13;48.48;40.91;51.71;24.67;37.02;44.30;57.52
95.14;48.49;40.93;51.66;24.65;37.07;44.34;57.53
95.13;48.45;40.93;51.68;24.61;37.09;44.33;57.59
95.14;48.45;40.96;51.68;24.59;37.20;44.36;57.62
95.15;48.43;40.94;51.58;24.61;37.16;44.31;57.58
95.16;48.25;41.02;51.66;24.64;37.18;44.34;57.57
95.17;48.19;40.99;51.64;24.61;37.18;44.40;57.62
95.17;48.17;41.03;51.62;24.66;37.24;44.45;57.65
95.21;48.17;40.96;51.58;24.64;37.20;44.40;57.60
95.22;48.06;41.08;51.60;24.64;37.22;44.39;57.61
95.22;48.02;41.08;51.58;24.60;37.20;44.42;57.68
95.23;48.00;41.09;51.62;24.64;37.21;44.47;57.73
95.22;47.97;41.07;51.59;24.64;37.16;44.46;57.66
95.23;47.96;41.15;51.54;24.64;37.12;44.49;57.68
95.24;47.88;41.14;51.52;24.62;37.06;44.59;57.76
95.22;47.82;41.15;51.52;24.71;37.19;44.60;57.79
95.24;47.80;41.13;51.46;24.67;37.15;44.57;57.75
95.24;47.76;41.25;51.40;24.67;37.21;44.54;57.76
95.25;47.72;41.20;51.40;24.65;37.21;44.65;57.73
95.22;47.70;41.26;51.38;24.67;37.34;44.66;57.78
95.23;47.66;41.23;51.31;24.67;37.36;44.59;57.73
95.24;47.54;41.25;51.28;24.69;37.40;44.66;57.77
95.24;47.48;41.24;51.24;24.65;37.40;44.74;57.83
95.23;47.42;41.27;51.32;24.66;37.48;44.74;57.87
95.22;47.41;41.25;51.39;24.62;37.42;44.69;57.78
95.23;47.36;41.32;51.39;24.60;37.44;44.70;57.79
95.22;47.31;41.32;51.43;24.56;37.42;44.73;57.84
95.22;47.27;41.33;51.46;24.58;37.52;44.74;57.87
95.24;47.20;41.33;51.46;24.56;37.50;44.67;57.83
95.24;47.19;41.34;51.43;24.58;37.52;44.72;57.80
95.25;47.16;41.28;51.43;24.54;37.48;44.81;57.87
95.26;47.16;41.31;51.45;24.52;37.54;44.88;57.88
95.23;47.15;41.26;51.48;24.52;37.48;44.81;57.84
95.22;47.26;41.30;51.44;24.53;37.44;44.82;57.83
95.20;47.29;41.33;51.45;24.51;37.44;44.79;57.80
95.21;47.29;41.41;51.41;24.59;37.44;44.84;57.81
95.20;47.24;41.38;51.46;24.55;37.44;44.79;57.72
95.21;47.25;41.43;51.46;24.57;37.44;44.76;57.71
95.22;47.22;41.39;51.48;24.57;37.44;44.77;57.74
95.23;47.24;41.44;51.46;24.57;37.54;44.80;57.73
95.24;47.25;41.41;51.39;24.55;37.52;44.77;57.66
95.24;47.28;41.53;51.39;24.55;37.48;44.74;57.62
95.25;47.31;41.50;51.37;24.52;37.46;44.83;57.60
95.26;47.29;41.57;51.34;24.52;37.56;44.83;57.62
95.19;47.30;41.53;51.39;24.50;37.50;44.79;57.59
95.20;47.29;41.60;51.35;24.50;37.48;44.81;57.60
95.21;47.30;41.59;51.35;24.52;37.46;44.79;57.61
95.21;47.36;41.68;51.37;24.47;37.44;44.83;57.64
95.22;47.33;41.62;51.36;24.47;37.41;44.76;57.63
95.23;47.34;41.70;51.32;24.47;37.39;44.75;57.63
95.24;47.33;41.70;51.34;24.43;37.37;44.79;57.64
95.21;47.35;41.75;51.32;24.44;37.42;44.83;57.69
95.24;47.32;41.72;51.33;24.40;37.41;44.76;57.62
95.24;47.29;41.83;51.31;24.36;37.39;44.79;57.63
95.25;47.32;41.82;51.30;24.35;37.37;44.73;57.69
95.26;47.28;41.87;51.30;24.37;37.44;44.75;57.72
95.23;47.25;41.81;51.35;24.35;37.43;44.69;57.69
95.22;47.30;41.89;51.35;24.33;37.41;44.66;57.68
95.21;47.27;41.91;51.40;24.31;37.43;44.67;57.63
95.20;47.26;41.94;51.38;24.41;37.46;44.70;57.66
95.17;47.21;41.93;51.43;24.39;37.43;44.63;57.61
95.18;47.22;42.01;51.41;24.39;37.44;44.62;57.56
95.18;47.24;41.97;51.42;24.36;37.45;44.65;57.55
95.17;47.27;41.98;51.46;24.36;37.50;44.64;57.62
95.20;47.23;41.96;51.45;24.33;37.48;44.58;57.57
95.19;47.30;42.06;51.43;24.33;37.46;44.55;57.52
95.18;47.33;42.11;51.43;24.29;37.46;44.62;57.42
95.18;47.37;42.17;51.42;24.28;37.46;44.68;57.43
95.19;47.33;42.11;51.43;24.28;37.45;44.61;57.38
95.18;47.42;42.10;51.43;24.26;37.45;44.62;57.37
95.19;47.41;42.04;51.45;24.25;37.41;44.72;57.37
95.20;47.41;42.07;51.50;24.18;37.50;44.75;57.39
95.22;47.38;42.05;51.49;24.14;37.46;44.70;57.35
95.23;47.36;42.09;51.49;24.13;37.46;44.73;57.35
95.24;47.33;42.10;51.54;24.09;37.46;44.72;57.35
95.24;47.40;42.10;51.56;24.10;37.54;44.71;57.36
95.25;47.37;42.07;51.51;24.12;37.50;44.67;57.31
95.24;47.38;42.19;51.47;24.10;37.50;44.69;57.26
95.25;47.35;42.18;51.47;24.10;37.48;44.78;57.22
95.26;47.36;42.19;51.51;24.09;37.54;44.82;57.25
95.23;47.36;42.19;51.50;24.07;37.50;44.77;57.19
95.24;47.32;42.25;51.50;24.09;37.48;44.76;57.21
95.24;47.34;42.22;51.53;24.08;37.48;44.76;57.19
95.25;47.35;42.27;51.58;24.12;37.48;44.73;57.23
95.28;47.33;42.21;51.57;24.10;37.47;44.67;57.18
95.28;47.33;42.36;51.50;24.10;37.45;44.67;57.16
95.25;47.33;42.33;51.50;24.08;37.48;44.69;57.17
95.26;47.36;42.36;51.53;24.04;37.59;44.68;57.19
95.29;47.31;42.32;51.55;24.06;37.53;44.62;57.13
95.29;47.27;42.36;51.57;24.08;37.52;44.64;57.12
95.30;47.22;42.35;51.55;24.04;37.50;44.72;57.15
95.31;47.24;42.40;51.55;23.98;37.62;44.71;57.19
95.33;47.20;42.36;51.54;23.96;37.60;44.67;57.15
95.34;47.20;42.42;51.50;23.98;37.64;44.66;57.12
95.34;47.17;42.43;51.50;23.95;37.62;44.69;57.15
95.35;47.19;42.45;51.55;23.92;37.67;44.71;57.16
95.36;47.17;42.41;51.56;23.91;37.63;44.65;57.12
95.36;47.16;42.42;51.56;23.94;37.63;44.67;57.11
95.37;47.13;42.43;51.57;23.91;37.62;44.74;57.09
95.38;47.13;42.47;51.62;23.90;37.65;44.74;57.11
95.40;47.08;42.45;51.64;23.87;37.62;44.68;57.07
95.41;47.03;42.52;51.66;23.85;37.62;44.67;57.09
95.41;46.99;42.53;51.69;23.82;37.58;44.70;57.12
95.42;46.99;42.54;51.69;23.79;37.71;44.71;57.14
95.43;46.95;42.50;51.69;23.78;37.68;44.65;57.13
95.42;46.88;42.62;51.71;23.75;37.70;44.62;57.16
95.42;46.87;42.65;51.71;23.72;37.70;44.62;57.17
95.43;46.87;42.69;51.72;23.75;37.78;44.59;57.16
95.45;46.84;42.67;51.69;23.72;37.75;44.55;57.13
95.46;46.84;42.76;51.68;23.73;37.75;44.54;57.11
95.46;46.81;42.78;51.74;23.71;37.73;44.55;57.05
95.45;46.79;42.76;51.77;23.77;37.86;44.56;57.05
95.45;46.76;42.75;51.76;23.75;37.81;44.52;57.02
95.45;46.74;42.79;51.79;23.75;37.79;44.53;57.01
95.44;46.73;42.80;51.76;23.72;37.77;44.56;57.07
95.45;46.75;42.87;51.74;23.79;37.73;44.58;57.09
95.44;46.74;42.85;51.78;23.78;37.68;44.52;57.04
95.44;46.80;42.84;51.74;23.80;37.64;44.51;57.08
95.45;46.76;42.88;51.76;23.80;37.60;44.48;57.14
95.44;46.80;42.90;51.74;23.85;37.66;44.47;57.14
95.43;46.78;42.87;51.74;23.84;37.61;44.43;57.12
95.42;46.80;42.89;51.73;23.82;37.58;44.47;57.16
95.43;46.80;42.88;51.74;23.79;37.55;44.49;57.17
95.43;46.79;42.90;51.74;23.85;37.55;44.52;57.22
95.42;46.76;42.88;51.76;23.83;37.52;44.48;57.17
95.43;46.77;42.93;51.76;23.80;37.53;44.48;57.16
95.42;46.77;42.96;51.74;23.80;37.48;44.51;57.17
95.43;46.80;43.00;51.75;23.84;37.42;44.56;57.19
95.45;46.76;42.98;51.78;23.83;37.37;44.51;57.15
95.44;46.75;43.04;51.74;23.88;37.36;44.48;57.17
95.43;46.74;43.10;51.77;23.85;37.38;44.42;57.18
95.43;46.74;43.15;51.75;23.85;37.38;44.46;57.24
95.46;46.70;43.13;51.78;23.84;37.33;44.40;57.20
95.45;46.67;43.19;51.76;23.87;37.30;44.41;57.22
95.42;46.64;43.16;51.77;23.86;37.27;44.50;57.24
95.41;46.67;43.15;51.79;23.91;37.27;44.52;57.28
95.39;46.65;43.11;51.84;23.88;37.24;44.48;57.24
95.38;46.70;43.22;51.81;23.85;37.24;44.46;57.22
95.39;46.65;43.20;51.79;23.83;37.21;44.51;57.27
95.39;46.64;43.25;51.77;23.95;37.15;44.57;57.28
95.38;46.62;43.22;51.82;23.92;37.13;44.51;57.23
95.37;46.68;43.28;51.77;23.92;37.10;44.53;57.20
95.38;46.67;43.26;51.80;23.89;37.06;44.61;57.20
95.38;46.67;43.27;51.80;23.96;37.06;44.64;57.22
95.41;46.64;43.24;51.75;23.96;37.05;44.60;57.18
95.41;46.68;43.26;51.71;23.99;37.02;44.63;57.17
95.40;46.68;43.24;51.68;23.99;36.99;44.70;57.18
95.41;46.71;43.28;51.70;24.04;36.93;44.73;57.20
95.40;46.69;43.24;51.69;24.04;36.90;44.71;57.16
95.38;46.64;43.33;51.66;24.06;36.89;44.73;57.19
95.35;46.62;43.33;51.64;24.03;36.87;44.79;57.24
95.34;46.62;43.32;51.67;24.11;36.88;44.79;57.28
95.33;46.58;43.27;51.70;24.08;36.85;44.77;57.25
95.34;46.60;43.25;51.70;24.06;36.88;44.77;57.26
95.33;46.57;43.23;51.73;24.05;36.86;44.78;57.30
95.34;46.58;43.23;51.73;24.09;36.95;44.79;57.31
95.36;46.55;43.19;51.69;24.07;36.93;44.77;57.28
95.35;46.54;43.28;51.67;24.09;36.94;44.71;57.29
95.33;46.53;43.27;51.69;24.09;36.97;44.74;57.25
95.32;46.55;43.30;51.70;24.08;37.05;44.76;57.26
95.29;46.52;43.27;51.69;24.09;37.03;44.72;57.21
95.29;46.46;43.31;51.72;24.12;37.05;44.73;57.20
95.29;46.47;43.31;51.69;24.11;37.09;44.74;57.17
95.30;46.44;43.35;51.70;24.13;37.15;44.74;57.19
95.30;46.43;43.31;51.69;24.13;37.12;44.69;57.15
95.28;46.43;43.32;51.72;24.13;37.14;44.70;57.16
95.29;46.47;43.32;51.73;24.15;37.11;44.67;57.14
95.29;46.47;43.32;51.77;24.18;37.14;44.67;57.16
95.26;46.46;43.28;51.81;24.17;37.10;44.63;57.13
95.26;46.45;43.34;51.80;24.15;37.11;44.61;57.14
95.24;46.42;43.32;51.80;24.12;37.08;44.62;57.25
95.24;46.44;43.33;51.79;24.14;37.19;44.61;57.26
95.22;46.42;43.29;51.82;24.13;37.17;44.58;57.21
95.21;46.49;43.30;51.80;24.14;37.17;44.57;57.18
95.19;46.50;43.30;51.80;24.12;37.16;44.58;57.22
95.18;46.53;43.28;51.81;24.12;37.22;44.61;57.24
95.19;46.53;43.23;51.82;24.09;37.20;44.56;57.21
95.18;46.52;43.26;51.80;24.11;37.23;44.53;57.24
95.17;46.51;43.27;51.79;24.11;37.26;44.52;57.24
95.15;46.51;43.25;51.79;24.14;37.39;44.53;57.24
95.16;46.50;43.20;51.85;24.12;37.36;44.48;57.18
95.15;46.55;43.25;51.85;24.10;37.39;44.44;57.15
95.13;46.56;43.23;51.86;24.08;37.39;44.48;57.15
95.13;46.55;43.22;51.88;24.09;37.44;44.50;57.17
95.11;46.54;43.19;51.88;24.08;37.42;44.48;57.15
95.10;46.55;43.22;51.85;24.10;37.46;44.49;57.13
95.11;46.55;43.21;51.87;24.10;37.46;44.55;57.03
95.11;46.54;43.23;51.88;24.13;37.49;44.57;57.05
95.11;46.50;43.18;51.93;24.12;37.44;44.54;57.02
95.11;46.52;43.17;51.95;24.12;37.46;44.52;57.03
95.09;46.48;43.14;51.95;24.12;37.44;44.61;57.04
95.10;46.50;43.16;51.94;24.12;37.50;44.63;57.06
95.12;46.46;43.13;51.96;24.09;37.49;44.61;57.00
95.12;46.49;43.14;51.94;24.08;37.49;44.61;57.00
95.11;46.48;43.14;51.92;24.12;37.50;44.60;57.00
95.12;46.47;43.17;51.94;24.17;37.54;44.60;56.99
95.10;46.47;43.14;51.94;24.14;37.51;44.55;56.99
95.09;46.45;43.17;51.93;24.13;37.53;44.57;57.02
95.10;46.41;43.17;51.92;24.12;37.57;44.58;57.00
95.09;46.40;43.20;51.95;24.16;37.57;44.60;57.03
95.07;46.36;43.18;51.99;24.15;37.55;44.55;56.99
95.06;46.41;43.19;51.98;24.15;37.54;44.55;57.01
95.07;46.38;43.19;51.99;24.12;37.53;44.56;57.04
95.06;46.42;43.17;52.00;24.18;37.57;44.55;57.06
95.07;46.39;43.15;52.02;24.16;37.53;44.50;57.04
95.07;46.41;43.14;52.03;24.13;37.55;44.52;57.03
95.08;46.37;43.16;52.03;24.13;37.55;44.46;57.10
95.07;46.35;43.15;52.04;24.21;37.61;44.48;57.09
95.05;46.34;43.12;52.07;24.20;37.57;44.45;57.06
95.06;46.33;43.20;52.05;24.19;37.55;44.45;57.05
95.06;46.31;43.18;52.05;24.18;37.55;44.45;57.10
95.05;46.30;43.16;52.08;24.26;37.54;44.48;57.13
95.05;46.27;43.13;52.12;24.23;37.50;44.45;57.10
95.05;46.26;43.13;52.14;24.21;37.53;44.47;57.09
95.04;46.27;43.13;52.18;24.21;37.49;44.48;57.08
95.05;46.27;43.13;52.19;24.20;37.55;44.49;57.12
95.04;46.25;43.10;52.24;24.19;37.53;44.44;57.07
95.04;46.29;43.17;52.21;24.17;37.50;44.43;57.08
95.02;46.27;43.14;52.19;24.16;37.49;44.48;57.14
95.02;46.29;43.10;52.22;24.22;37.53;44.51;57.12
95.00;46.26;43.07;52.25;24.19;37.51;44.48;57.08
94.99;46.29;43.09;52.22;24.19;37.54;44.46;57.10
94.99;46.28;43.10;52.24;24.17;37.54;44.44;57.12
94.98;46.29;43.12;52.24;24.21;37.59;44.44;57.14
94.94;46.26;43.08;52.28;24.20;37.56;44.40;57.12
94.94;46.29;43.13;52.25;24.17;37.56;44.40;57.14
94.93;46.27;43.12;52.26;24.16;37.56;44.42;57.15
94.94;46.27;43.13;52.26;24.20;37.63;44.41;57.16
94.93;46.27;43.12;52.29;24.18;37.59;44.38;57.10
94.93;46.28;43.15;52.30;24.17;37.60;44.37;57.09
94.93;46.25;43.17;52.29;24.15;37.58;44.37;57.15
94.92;46.25;43.18;52.28;24.25;37.58;44.38;57.17
94.91;46.22;43.14;52.36;24.22;37.55;44.33;57.12
94.90;46.17;43.20;52.36;24.22;37.55;44.34;57.15
94.89;46.16;43.22;52.36;24.20;37.51;44.37;57.18
94.87;46.19;43.24;52.37;24.20;37.58;44.36;57.19
94.84;46.18;43.22;52.37;24.19;37.55;44.33;57.17
94.83;46.17;43.25;52.36;24.20;37.54;44.35;57.19
94.83;46.17;43.25;52.38;24.18;37.51;44.36;57.20
94.83;46.20;43.30;52.43;24.16;37.51;44.35;57.22
94.81;46.19;43.27;52.43;24.16;37.50;44.31;57.19
94.81;46.20;43.32;52.43;24.15;37.50;44.30;57.19
94.81;46.16;43.31;52.41;24.15;37.47;44.35;57.21
94.82;46.19;43.32;52.44;24.13;37.48;44.38;57.26
94.83;46.16;43.29;52.46;24.14;37.44;44.34;57.21
94.83;46.17;43.30;52.46;24.14;37.41;44.33;57.24
94.84;46.15;43.33;52.46;24.13;37.41;44.30;57.26
94.84;46.19;43.37;52.46;24.09;37.45;44.32;57.28
94.86;46.17;43.35;52.42;24.08;37.44;44.30;57.23
94.84;46.20;43.36;52.44;24.07;37.43;44.31;57.24
94.83;46.18;43.37;52.47;24.06;37.39;44.38;57.21
94.83;46.22;43.40;52.48;24.08;37.35;44.41;57.24
94.81;46.20;43.36;52.51;24.05;37.33;44.39;57.21
94.80;46.18;43.43;52.51;24.05;37.33;44.38;57.20
94.81;46.14;43.44;52.51;24.04;37.32;44.43;57.20
94.80;46.16;43.47;52.53;24.08;37.29;44.43;57.23
94.81;46.15;43.43;52.51;24.06;37.28;44.42;57.21
94.80;46.14;43.45;52.51;24.05;37.29;44.43;57.21
94.78;46.13;43.45;52.50;24.05;37.28;44.46;57.23
94.79;46.15;43.45;52.51;24.08;37.29;44.47;57.25
94.76;46.14;43.41;52.52;24.07;37.27;44.45;57.25
94.75;46.18;43.50;52.48;24.05;37.23;44.46;57.24
94.75;46.15;43.50;52.48;24.04;37.27;44.42;57.28
94.75;46.15;43.53;52.51;24.06;37.28;44.43;57.29
94.75;46.14;43.50;52.49;24.05;37.26;44.41;57.27
94.74;46.15;43.50;52.50;24.07;37.27;44.39;57.27
94.73;46.15;43.49;52.52;24.06;37.27;44.45;57.22
94.73;46.15;43.47;52.52;24.15;37.31;44.43;57.25
94.72;46.13;43.44;52.53;24.14;37.27;44.40;57.23
94.72;46.10;43.49;52.53;24.15;37.27;44.40;57.24
94.71;46.10;43.48;52.51;24.14;37.26;44.42;57.26
94.71;46.12;43.49;52.55;24.17;37.24;44.43;57.30
94.72;46.12;43.45;52.50;24.17;37.20;44.42;57.28
94.73;46.15;43.46;52.51;24.17;37.21;44.43;57.24
94.73;46.14;43.47;52.50;24.16;37.20;44.47;57.22
94.74;46.14;43.46;52.50;24.20;37.26;44.48;57.23
94.73;46.14;43.42;52.51;24.20;37.26;44.44;57.17
94.74;46.14;43.49;52.48;24.21;37.28;44.41;57.15
94.74;46.14;43.50;52.48;24.21;37.26;44.41;57.14
94.75;46.16;43.53;52.48;24.22;37.31;44.41;57.14
94.76;46.16;43.50;52.46;24.23;37.28;44.37;57.12
94.76;46.20;43.51;52.46;24.24;37.28;44.35;57.11
94.77;46.17;43.48;52.46;24.22;37.29;44.36;57.15
94.77;46.20;43.49;52.47;24.23;37.30;44.39;57.15
94.79;46.18;43.45;52.45;24.22;37.28;44.36;57.15
94.78;46.17;43.47;52.45;24.23;37.29;44.35;57.15
94.79;46.16;43.47;52.46;24.21;37.30;44.36;57.15
94.79;46.15;43.44;52.49;24.22;37.40;44.36;57.14
94.80;46.14;43.40;52.51;24.20;37.36;44.34;57.12
94.81;46.11;43.40;52.52;24.21;37.38;44.35;57.12
94.81;46.09;43.38;52.50;24.19;37.36;44.40;57.16
94.82;46.11;43.41;52.51;24.18;37.38;44.39;57.20
94.82;46.09;43.37;52.55;24.18;37.35;44.35;57.16
94.83;46.10;43.38;52.52;24.18;37.39;44.37;57.13
94.83;46.08;43.38;52.52;24.18;37.36;44.40;57.14
94.84;46.07;43.38;52.53;24.23;37.44;44.39;57.11
94.86;46.03;43.36;52.55;24.22;37.41;44.35;57.09
94.86;46.06;43.38;52.52;24.20;37.43;44.36;57.10
94.85;46.07;43.37;52.50;24.18;37.40;44.41;57.10
94.86;46.06;43.37;52.51;24.24;37.42;44.42;57.12
94.87;46.05;43.34;52.50;24.23;37.40;44.40;57.09
94.87;46.06;43.39;52.47;24.22;37.40;44.39;57.11
94.88;46.06;43.37;52.47;24.21;37.38;44.41;57.13
94.88;46.07;43.40;52.49;24.21;37.36;44.43;57.17
94.89;46.06;43.36;52.51;24.20;37.34;44.40;57.11
94.88;46.08;43.41;52.52;24.21;37.33;44.37;57.10
94.89;46.09;43.38;52.52;24.20;37.32;44.38;57.13
94.89;46.09;43.38;52.55;24.18;37.38;44.38;57.14
94.89;46.07;43.35;52.57;24.17;37.35;44.34;57.13
94.89;46.13;43.36;52.54;24.17;37.38;44.30;57.13
94.88;46.10;43.35;52.54;24.18;37.37;44.37;57.10
94.88;46.09;43.37;52.53;24.26;37.37;44.39;57.11
94.87;46.07;43.34;52.51;24.25;37.34;44.36;57.11
94.87;46.11;43.36;52.48;24.26;37.37;44.36;57.10
94.86;46.08;43.38;52.48;24.25;37.37;44.36;57.12
94.86;46.08;43.40;52.45;24.29;37.39;44.37;57.15
94.84;46.05;43.41;52.46;24.27;37.36;44.34;57.15
94.83;46.01;43.50;52.43;24.29;37.38;44.31;57.15
94.83;46.00;43.50;52.45;24.30;37.36;44.30;57.17
94.82;45.98;43.50;52.43;24.34;37.44;44.31;57.19
94.77;45.98;43.48;52.39;24.36;37.43;44.27;57.18
94.78;46.03;43.53;52.38;24.34;37.42;44.29;57.14
94.77;46.00;43.52;52.38;24.36;37.42;44.27;57.18
94.77;46.01;43.51;52.38;24.46;37.43;44.26;57.16
94.78;46.00;43.49;52.35;24.46;37.42;44.23;57.14
94.76;46.04;43.53;52.32;24.46;37.45;44.21;57.12
94.75;46.01;43.54;52.31;24.46;37.46;44.20;57.17
94.75;46.03;43.58;52.32;24.49;37.46;44.21;57.18
94.74;46.02;43.58;52.28;24.49;37.45;44.17;57.16
94.73;46.02;43.61;52.27;24.52;37.45;44.14;57.16
94.72;45.99;43.63;52.30;24.52;37.42;44.15;57.16
94.73;45.98;43.65;52.29;24.61;37.41;44.12;57.20
94.72;45.96;43.62;52.29;24.62;37.40;44.10;57.18
94.71;45.94;43.65;52.26;24.64;37.40;44.11;57.18
94.70;45.93;43.66;52.27;24.64;37.41;44.08;57.20
94.69;45.91;43.67;52.27;24.70;37.46;44.08;57.22
94.69;45.90;43.67;52.18;24.70;37.46;44.07;57.21
94.70;45.84;43.71;52.19;24.71;37.47;44.06;57.23
94.70;45.84;43.70;52.18;24.70;37.48;44.11;57.19
94.71;45.85;43.73;52.16;24.72;37.50;44.11;57.22
94.71;45.85;43.72;52.11;24.72;37.49;44.08;57.19
94.71;45.88;43.76;52.09;24.72;37.50;44.06;57.18
94.69;45.88;43.73;52.09;24.72;37.48;44.07;57.23
94.70;45.88;43.73;52.07;24.77;37.53;44.07;57.26
94.70;45.86;43.70;52.07;24.79;37.52;44.03;57.21
94.71;45.87;43.76;52.03;24.80;37.53;44.03;57.18
94.69;45.84;43.74;52.03;24.78;37.52;44.08;57.22
94.69;45.84;43.73;52.02;24.84;37.56;44.09;57.23
94.70;45.83;43.71;52.01;24.83;37.53;44.07;57.20
94.70;45.78;43.74;52.00;24.84;37.57;44.06;57.22
94.69;45.76;43.71;51.99;24.84;37.56;44.05;57.30
94.68;45.77;43.73;51.99;24.85;37.61;44.07;57.31
94.68;45.76;43.70;51.94;24.86;37.59;44.03;57.32
94.68;45.77;43.70;51.95;24.87;37.58;44.03;57.32
94.68;45.76;43.73;51.95;24.86;37.57;44.03;57.32
94.68;45.75;43.73;51.99;24.89;37.60;44.03;57.32
94.68;45.75;43.72;51.96;24.86;37.57;44.02;57.31
94.69;45.79;43.70;51.96;24.86;37.59;43.99;57.33
94.68;45.77;43.70;51.95;24.85;37.61;43.97;57.36
94.68;45.77;43.72;51.95;24.87;37.66;43.97;57.38
94.67;45.77;43.70;51.94;24.87;37.62;43.94;57.38
94.67;45.81;43.76;51.91;24.88;37.62;43.92;57.35
94.66;45.80;43.74;51.89;24.87;37.62;43.92;57.42
94.66;45.78;43.72;51.90;24.89;37.69;43.92;57.44
94.65;45.77;43.72;51.88;24.89;37.67;43.89;57.42
94.65;45.80;43.78;51.87;24.88;37.66;43.88;57.39
94.64;45.76;43.76;51.86;24.86;37.66;43.92;57.46
94.63;45.75;43.78;51.89;24.91;37.67;43.90;57.46
94.61;45.72;43.76;51.91;24.90;37.65;43.89;57.44
94.59;45.71;43.80;51.92;24.91;37.66;43.88;57.44
94.59;45.69;43.80;51.92;24.90;37.64;43.92;57.44
94.59;45.70;43.82;51.95;24.90;37.67;43.93;57.44
94.59;45.70;43.80;51.94;24.88;37.66;43.90;57.41
94.58;45.74;43.80;51.92;24.88;37.67;43.90;57.42
94.58;45.74;43.81;51.91;24.87;37.65;43.93;57.43
94.58;45.73;43.83;51.91;24.90;37.66;43.93;57.46
94.59;45.71;43.81;51.90;24.89;37.64;43.91;57.44
94.57;45.73;43.84;51.87;24.90;37.65;43.91;57.45
94.57;45.71;43.81;51.86;24.89;37.64;43.93;57.50
94.57;45.70;43.84;51.87;24.89;37.69;43.95;57.50
94.58;45.68;43.80;51.89;24.89;37.66;43.93;57.46
94.57;45.71;43.82;51.89;24.88;37.67;43.92;57.45
94.57;45.69;43.82;51.90;24.86;37.67;43.93;57.48
94.57;45.70;43.83;51.91;24.86;37.71;43.92;57.50
94.57;45.69;43.81;51.91;24.85;37.70;43.89;57.48
94.56;45.72;43.82;51.91;24.84;37.70;43.87;57.48
94.56;45.71;43.85;51.92;24.82;37.69;43.88;57.49
94.56;45.72;43.87;51.93;24.84;37.73;43.86;57.48
94.56;45.70;43.86;51.92;24.83;37.72;43.84;57.46
94.54;45.76;43.92;51.90;24.82;37.70;43.82;57.45
94.54;45.75;43.90;51.92;24.82;37.67;43.84;57.47
94.54;45.76;43.93;51.91;24.83;37.70;43.85;57.47
94.54;45.75;43.89;51.93;24.83;37.68;43.82;57.44
94.55;45.71;43.90;51.93;24.84;37.70;43.85;57.44
94.53;45.70;43.87;51.93;24.83;37.68;43.88;57.49
94.53;45.72;43.85;51.92;24.87;37.72;43.87;57.51
94.54;45.70;43.82;51.97;24.87;37.69;43.84;57.46
94.54;45.73;43.80;51.97;24.90;37.69;43.84;57.46
94.53;45.71;43.78;51.97;24.89;37.67;43.88;57.47
94.53;45.72;43.79;51.95;24.97;37.68;43.90;57.47
94.53;45.70;43.75;52.00;24.96;37.66;43.86;57.43
94.54;45.74;43.76;51.96;24.95;37.67;43.88;57.42
94.54;45.74;43.76;51.95;24.94;37.67;43.89;57.42
94.55;45.74;43.77;51.96;24.97;37.70;43.88;57.44
94.55;45.74;43.74;51.96;24.96;37.67;43.85;57.42
94.55;45.75;43.81;51.95;24.95;37.65;43.85;57.40
94.53;45.76;43.80;51.95;24.93;37.64;43.90;57.40
94.54;45.79;43.84;51.95;24.94;37.61;43.92;57.41
94.54;45.77;43.81;51.96;24.93;37.59;43.89;57.39
94.55;45.83;43.81;51.96;24.92;37.57;43.87;57.40
94.55;45.81;43.79;51.97;24.93;37.56;43.90;57.40
94.56;45.80;43.80;51.98;24.96;37.58;43.90;57.42
94.57;45.79;43.79;51.99;24.94;37.56;43.87;57.38
94.58;45.82;43.80;51.99;24.95;37.56;43.86;57.36
94.58;45.81;43.78;51.97;24.95;37.54;43.89;57.39
94.57;45.81;43.80;51.98;24.98;37.58;43.88;57.40
94.57;45.79;43.77;51.97;24.98;37.55;43.86;57.40
94.58;45.78;43.80;51.97;24.98;37.55;43.87;57.38
94.57;45.77;43.80;51.99;24.96;37.53;43.92;57.38
94.58;45.77;43.78;51.98;25.01;37.56;43.95;57.38
94.59;45.76;43.76;51.96;25.01;37.53;43.91;57.37
94.60;45.78;43.79;51.94;25.01;37.51;43.92;57.38
94.60;45.78;43.78;51.96;25.00;37.49;43.92;57.39
94.60;45.80;43.80;51.98;25.05;37.46;43.91;57.40
94.60;45.78;43.77;52.03;25.04;37.43;43.89;57.36
94.60;45.76;43.77;52.02;25.06;37.43;43.89;57.38
94.58;45.75;43.78;52.03;25.07;37.42;43.86;57.41
94.59;45.75;43.78;52.03;25.15;37.40;43.87;57.44
94.59;45.73;43.77;52.01;25.14;37.39;43.83;57.43
94.59;45.73;43.83;52.00;25.13;37.37;43.84;57.43
94.57;45.72;43.82;52.00;25.12;37.36;43.86;57.46
94.57;45.71;43.83;52.00;25.15;37.39;43.86;57.49
94.56;45.71;43.80;52.01;25.14;37.37;43.85;57.47
94.54;45.78;43.83;51.99;25.13;37.36;43.83;57.45
94.55;45.77;43.82;51.99;25.13;37.37;43.82;57.47
94.54;45.77;43.84;52.00;25.09;37.43;43.84;57.48
94.53;45.78;43.82;51.99;25.08;37.42;43.82;57.46
94.52;45.80;43.82;52.00;25.08;37.42;43.81;57.46
94.53;45.79;43.82;52.02;25.08;37.43;43.77;57.46
94.51;45.81;43.82;52.01;25.08;37.52;43.78;57.47
94.52;45.80;43.79;51.99;25.08;37.50;43.75;57.45
94.51;45.80;43.81;51.98;25.09;37.51;43.76;57.45
94.52;45.81;43.80;51.99;25.09;37.49;43.75;57.47
94.51;45.82;43.80;52.01;25.10;37.53;43.75;57.48
94.52;45.80;43.78;52.03;25.10;37.50;43.73;57.43
94.52;45.82;43.79;52.01;25.10;37.52;43.73;57.44
94.52;45.82;43.78;52.03;25.08;37.51;43.75;57.43
94.52;45.83;43.78;52.03;25.13;37.56;43.74;57.42
94.50;45.81;43.75;52.06;25.11;37.56;43.72;57.39
94.50;45.86;43.75;52.04;25.13;37.56;43.69;57.38
94.48;45.86;43.73;52.04;25.11;37.56;43.71;57.42
94.48;45.86;43.74;52.05;25.13;37.59;43.72;57.44
94.49;45.86;43.70;52.04;25.11;37.57;43.70;57.42
94.50;45.89;43.71;52.07;25.12;37.56;43.67;57.40
94.50;45.88;43.70;52.06;25.11;37.55;43.70;57.41
94.50;45.90;43.70;52.06;25.12;37.61;43.71;57.41
94.50;45.89;43.69;52.01;25.12;37.60;43.69;57.39
94.51;45.92;43.70;52.00;25.12;37.59;43.67;57.41
94.50;45.94;43.70;52.00;25.11;37.56;43.67;57.43
94.51;45.96;43.74;52.02;25.10;37.55;43.68;57.45
94.52;45.94;43.71;52.01;25.08;37.53;43.67;57.44
94.53;45.98;43.71;52.01;25.08;37.53;43.66;57.41
94.53;45.99;43.70;52.02;25.08;37.52;43.66;57.42
94.53;46.02;43.69;52.02;25.10;37.55;43.66;57.43
94.51;46.03;43.66;52.01;25.10;37.55;43.63;57.40
94.52;46.06;43.67;51.99;25.08;37.55;43.64;57.39
94.50;46.07;43.67;51.98;25.06;37.57;43.65;57.41
94.51;46.09;43.67;51.97;25.04;37.63;43.67;57.40
94.51;46.08;43.65;51.98;25.04;37.62;43.64;57.39
94.51;46.11;43.67;51.96;25.04;37.61;43.64;57.38
94.51;46.10;43.67;51.97;25.04;37.61;43.65;57.36
94.52;46.11;43.66;51.99;25.04;37.66;43.65;57.38
94.52;46.10;43.63;51.98;25.04;37.63;43.64;57.36
94.53;46.09;43.67;51.97;25.02;37.64;43.64;57.36
94.53;46.08;43.66;51.97;25.02;37.65;43.65;57.35
94.54;46.08;43.67;51.97;25.06;37.65;43.67;57.36
94.54;46.08;43.65;51.94;25.06;37.64;43.64;57.34
94.55;46.06;43.69;51.94;25.05;37.65;43.66;57.33
94.53;46.05;43.68;51.94;25.04;37.64;43.67;57.36
94.54;46.07;43.69;51.94;25.02;37.70;43.67;57.37
94.54;46.06;43.67;51.94;25.01;37.68;43.66;57.35
94.55;46.09;43.66;51.92;25.01;37.67;43.67;57.36
94.55;46.08;43.64;51.93;25.00;37.66;43.69;57.37
94.55;46.08;43.65;51.94;25.00;37.71;43.69;57.38
94.56;46.06;43.62;51.91;24.99;37.71;43.69;57.36
94.57;46.06;43.63;51.90;25.00;37.71;43.69;57.36
94.57;46.07;43.62;51.89;24.99;37.71;43.69;57.38
94.56;46.05;43.64;51.89;25.02;37.72;43.71;57.41
94.58;46.05;43.61;51.85;25.00;37.71;43.70;57.39
94.57;46.10;43.61;51.86;25.00;37.70;43.69;57.39
94.57;46.08;43.59;51.84;25.00;37.70;43.73;57.41
94.56;46.08;43.61;51.83;25.01;37.74;43.73;57.43
94.58;46.08;43.60;51.80;25.01;37.73;43.71;57.40
94.58;46.08;43.62;51.80;25.00;37.72;43.71;57.42
94.59;46.08;43.62;51.78;25.00;37.72;43.71;57.43
94.58;46.09;43.64;51.79;25.03;37.73;43.72;57.43
94.60;46.08;43.62;51.76;25.02;37.72;43.69;57.41
94.60;46.10;43.64;51.76;25.03;37.72;43.69;57.39
94.60;46.09;43.63;51.76;25.03;37.71;43.71;57.41
94.60;46.08;43.63;51.77;25.03;37.73;43.71;57.44
94.61;46.08;43.61;51.79;25.02;37.71;43.68;57.41
94.60;46.10;43.61;51.78;25.01;37.72;43.68;57.43
94.60;46.08;43.63;51.78;24.99;37.72;43.67;57.45
94.61;46.08;43.66;51.79;24.97;37.77;43.67;57.45
94.61;46.06;43.63;51.79;24.96;37.76;43.66;57.43
94.62;46.07;43.65;51.80;24.94;37.75;43.66;57.44
94.61;46.06;43.63;51.81;24.92;37.75;43.66;57.48
94.61;46.04;43.65;51.82;24.96;37.75;43.66;57.51
94.62;46.05;43.63;51.80;24.95;37.73;43.65;57.48
94.63;46.07;43.64;51.80;24.93;37.74;43.64;57.47
94.61;46.08;43.63;51.78;24.92;37.73;43.64;57.53
94.62;46.08;43.63;51.78;24.91;37.80;43.65;57.54
94.62;46.07;43.62;51.79;24.90;37.77;43.62;57.51
94.62;46.08;43.63;51.77;24.92;37.76;43.63;57.52
94.62;46.05;43.61;51.74;24.91;37.75;43.70;57.53
94.63;46.06;43.64;51.75;24.92;37.75;43.71;57.55
94.64;46.04;43.61;51.74;24.92;37.74;43.68;57.53
94.64;46.07;43.63;51.71;24.93;37.72;43.69;57.54
94.64;46.06;43.62;51.69;24.92;37.71;43.70;57.58
94.64;46.07;43.62;51.69;24.92;37.75;43.72;57.58
94.65;46.05;43.60;51.69;24.92;37.74;43.69;57.57
94.65;46.06;43.60;51.70;24.92;37.74;43.68;57.56
94.64;46.03;43.59;51.69;24.92;37.74;43.75;57.58
94.64;46.04;43.60;51.69;24.90;37.78;43.76;57.58
94.66;46.04;43.58;51.67;24.90;37.76;43.74;57.56
94.66;46.05;43.60;51.65;24.92;37.74;43.75;57.56
94.66;46.03;43.60;51.64;24.92;37.73;43.79;57.57
94.66;46.04;43.60;51.64;24.96;37.71;43.81;57.59
94.67;46.02;43.57;51.66;24.94;37.69;43.79;57.56
94.68;46.04;43.54;51.66;24.94;37.70;43.78;57.58
94.68;46.04;43.52;51.66;24.93;37.67;43.85;57.56
94.68;46.05;43.52;51.67;24.94;37.67;43.87;57.59
94.69;46.03;43.49;51.69;24.94;37.64;43.85;57.57
94.68;46.03;43.51;51.68;24.94;37.66;43.88;57.56
94.67;46.01;43.49;51.66;24.94;37.64;43.92;57.59
94.68;46.01;43.50;51.67;24.97;37.65;43.92;57.61
94.68;46.00;43.47;51.67;24.96;37.63;43.89;57.60
94.69;46.05;43.48;51.66;24.95;37.62;43.88;57.60
94.69;46.06;43.48;51.63;24.93;37.60;43.95;57.59
94.69;46.06;43.49;51.65;24.93;37.60;43.98;57.60
94.71;46.05;43.47;51.63;24.93;37.58;43.96;57.58
94.71;46.10;43.49;51.62;24.93;37.57;43.96;57.57
94.70;46.07;43.46;51.61;24.91;37.56;44.00;57.61
94.70;46.08;43.48;51.61;24.92;37.60;44.01;57.61
94.70;46.06;43.45;51.60;24.92;37.59;44.00;57.59
94.69;46.08;43.45;51.60;24.93;37.59;43.99;57.60
94.70;46.06;43.44;51.58;24.91;37.58;44.03;57.63
94.70;46.08;43.44;51.59;24.92;37.61;44.04;57.62
94.68;46.08;43.42;51.59;24.92;37.61;44.01;57.61
94.68;46.12;43.42;51.58;24.91;37.59;44.02;57.61
94.68;46.10;43.41;51.58;24.92;37.57;44.05;57.61
94.67;46.10;43.42;51.59;24.95;37.59;44.07;57.61
94.68;46.08;43.40;51.59;24.94;37.58;44.05;57.60
94.68;46.08;43.38;51.59;24.94;37.59;44.04;57.62
94.68;46.05;43.37;51.60;24.93;37.57;44.07;57.66
94.68;46.06;43.40;51.59;24.93;37.56;44.09;57.68
94.70;46.06;43.38;51.55;24.92;37.56;44.08;57.66
94.68;46.05;43.40;51.54;24.93;37.56;44.09;57.67
94.68;46.04;43.39;51.53;24.92;37.56;44.13;57.68
94.68;46.03;43.40;51.53;24.93;37.58;44.14;57.70
94.69;46.03;43.38;51.52;24.92;37.57;44.12;57.68
94.69;46.02;43.36;51.52;24.94;37.57;44.14;57.69
94.69;46.00;43.36;51.52;24.94;37.56;44.16;57.71
94.69;46.01;43.37;51.52;24.94;37.58;44.17;57.72
94.70;46.00;43.35;51.53;24.92;37.57;44.15;57.70
94.70;46.01;43.36;51.52;24.91;37.57;44.18;57.69
94.70;46.00;43.36;51.51;24.90;37.56;44.19;57.71
94.70;46.01;43.37;51.51;24.90;37.60;44.20;57.72
94.71;45.99;43.35;51.50;24.90;37.59;44.18;57.70
94.72;46.01;43.37;51.49;24.89;37.56;44.18;57.71
94.70;45.99;43.37;51.48;24.88;37.56;44.19;57.76
94.71;46.01;43.37;51.48;24.87;37.58;44.21;57.77
94.72;45.99;43.35;51.48;24.86;37.56;44.19;57.76
94.72;45.97;43.37;51.48;24.86;37.59;44.20;57.76
94.71;45.95;43.36;51.49;24.84;37.60;44.24;57.73
94.71;45.95;43.35;51.50;24.86;37.62;44.26;57.74
94.72;45.94;43.34;51.53;24.84;37.59;44.24;57.71
94.72;45.94;43.34;51.54;24.84;37.59;44.24;57.72
94.71;45.92;43.34;51.55;24.83;37.59;44.26;57.72
94.71;45.92;43.34;51.56;24.84;37.62;44.27;57.74
94.72;45.90;43.33;51.53;24.84;37.59;44.27;57.73
94.72;45.91;43.34;51.51;24.85;37.60;44.26;57.73
94.73;45.89;43.32;51.51;24.84;37.59;44.31;57.74
94.73;45.90;43.31;51.54;24.84;37.63;44.31;57.75
94.74;45.88;43.30;51.52;24.84;37.60;44.29;57.73
94.74;45.87;43.29;51.51;24.84;37.62;44.32;57.76
94.74;45.86;43.27;51.52;24.83;37.60;44.37;57.74
94.74;45.84;43.27;51.53;24.84;37.62;44.39;57.76
94.75;45.83;43.25;51.52;24.84;37.60;44.37;57.75
94.75;45.83;43.28;51.50;24.83;37.59;44.38;57.76
94.76;45.82;43.27;51.51;24.81;37.59;44.41;57.75
94.76;45.82;43.28;51.51;24.84;37.62;44.41;57.76
94.76;45.80;43.27;51.50;24.83;37.62;44.39;57.74
94.77;45.79;43.28;51.49;24.83;37.63;44.39;57.75
94.76;45.78;43.26;51.49;24.83;37.62;44.44;57.74
94.76;45.79;43.26;51.51;24.86;37.64;44.43;57.75
94.74;45.79;43.23;51.53;24.87;37.62;44.41;57.73
94.74;45.79;43.25;51.52;24.87;37.63;44.41;57.73
94.72;45.78;43.23;51.52;24.86;37.62;44.44;57.76
94.71;45.78;43.23;51.52;24.92;37.62;44.44;57.77
94.69;45.78;43.23;51.51;24.93;37.61;44.41;57.75
94.69;45.75;43.25;51.50;24.95;37.62;44.41;57.76
94.69;45.75;43.24;51.50;24.95;37.63;44.39;57.78
94.69;45.75;43.26;51.53;24.96;37.62;44.40;57.80
94.69;45.73;43.24;51.56;24.95;37.60;44.37;57.78
94.69;45.73;43.25;51.54;24.97;37.60;44.37;57.78
94.69;45.70;43.25;51.56;24.97;37.59;44.36;57.80
94.68;45.68;43.26;51.56;25.02;37.59;44.38;57.82
94.66;45.69;43.25;51.55;25.02;37.58;44.36;57.81
94.64;45.66;43.26;51.54;25.04;37.60;44.37;57.82
94.63;45.66;43.26;51.54;25.03;37.58;44.37;57.85
94.63;45.66;43.28;51.53;25.03;37.63;44.38;57.86
94.62;45.66;43.26;51.52;25.02;37.62;44.38;57.84
94.61;45.64;43.28;51.53;25.01;37.65;44.39;57.82
94.62;45.62;43.26;51.53;24.99;37.64;44.44;57.84
94.62;45.62;43.27;51.54;25.02;37.64;44.45;57.85
94.60;45.61;43.25;51.53;25.03;37.62;44.43;57.85
94.61;45.57;43.26;51.54;25.02;37.61;44.45;57.87
94.61;45.55;43.24;51.52;25.03;37.59;44.48;57.90
94.61;45.54;43.24;51.53;25.08;37.59;44.49;57.91
94.61;45.53;43.22;51.51;25.08;37.58;44.47;57.91
94.61;45.55;43.23;51.51;25.09;37.57;44.46;57.92
94.59;45.53;43.22;51.52;25.10;37.56;44.47;57.94
94.58;45.53;43.23;51.49;25.14;37.59;44.48;57.95
94.58;45.52;43.22;51.47;25.14;37.58;44.46;57.94
94.58;45.53;43.25;51.45;25.15;37.59;44.46;57.93
94.58;45.52;43.23;51.44;25.14;37.58;44.50;57.93
94.58;45.55;43.23;51.46;25.15;37.57;44.52;57.93
94.58;45.53;43.23;51.46;25.15;37.56;44.50;57.91
94.58;45.58;43.22;51.45;25.16;37.56;44.49;57.90
94.57;45.56;43.21;51.45;25.14;37.56;44.53;57.91
94.57;45.56;43.21;51.45;25.19;37.57;44.52;57.93
94.58;45.55;43.19;51.45;25.19;37.56;44.50;57.91
94.58;45.56;43.20;51.44;25.18;37.57;44.49;57.91
94.59;45.56;43.21;51.43;25.17;37.57;44.48;57.93
94.59;45.56;43.24;51.42;25.21;37.57;44.47;57.94
94.60;45.56;43.21;51.44;25.20;37.55;44.44;57.92
94.60;45.55;43.26;51.43;25.20;37.55;44.44;57.90
94.60;45.53;43.25;51.44;25.20;37.54;44.47;57.90
94.61;45.53;43.27;51.42;25.22;37.57;44.47;57.92
94.62;45.52;43.25;51.40;25.21;37.55;44.45;57.91
94.61;45.53;43.30;51.39;25.21;37.54;44.46;57.89
94.61;45.54;43.29;51.40;25.20;37.54;44.43;57.93
94.61;45.55;43.31;51.40;25.19;37.59;44.42;57.93
94.63;45.54;43.31;51.39;25.18;37.57;44.40;57.92
94.61;45.53;43.34;51.38;25.18;37.57;44.41;57.92
94.62;45.52;43.35;51.37;25.17;37.57;44.41;57.94
94.62;45.53;43.36;51.37;25.17;37.59;44.42;57.94
94.63;45.52;43.34;51.37;25.16;37.57;44.40;57.93
94.62;45.50;43.36;51.36;25.15;37.59;44.40;57.95
94.63;45.49;43.36;51.36;25.15;37.59;44.41;57.94
94.63;45.50;43.37;51.37;25.15;37.59;44.42;57.95
94.63;45.49;43.37;51.35;25.14;37.57;44.41;57.95
94.63;45.52;43.34;51.37;25.14;37.57;44.41;57.96
94.63;45.50;43.35;51.37;25.12;37.59;44.43;57.95
94.64;45.49;43.34;51.39;25.13;37.64;44.43;57.96
94.65;45.48;43.32;51.38;25.13;37.62;44.41;57.93
94.65;45.48;43.32;51.38;25.14;37.63;44.41;57.93
94.64;45.47;43.32;51.37;25.13;37.63;44.42;57.95
94.64;45.48;43.32;51.37;25.17;37.67;44.41;57.94
94.66;45.48;43.32;51.33;25.16;37.66;44.40;57.92
94.66;45.48;43.31;51.33;25.17;37.65;44.41;57.94
94.65;45.47;43.31;51.33;25.16;37.64;44.41;57.97
94.65;45.47;43.31;51.33;25.17;37.67;44.42;57.99
94.66;45.46;43.30;51.31;25.17;37.64;44.40;57.97
94.66;45.46;43.33;51.31;25.18;37.62;44.40;57.98
94.65;45.44;43.33;51.31;25.17;37.62;44.42;57.99
94.66;45.46;43.32;51.31;25.18;37.64;44.43;58.00
94.66;45.46;43.31;51.29;25.19;37.63;44.42;57.97
94.67;45.44;43.36;51.27;25.19;37.64;44.41;57.96
94.65;45.44;43.35;51.27;25.17;37.64;44.44;57.96
94.66;45.46;43.36;51.26;25.19;37.66;44.44;57.96
94.65;45.48;43.34;51.26;25.19;37.64;44.42;57.94
94.65;45.48;43.31;51.26;25.21;37.66;44.43;57.93
94.63;45.48;43.30;51.27;25.19;37.66;44.46;57.94
94.62;45.48;43.30;51.27;25.21;37.71;44.47;57.94
94.61;45.46;43.29;51.29;25.20;37.68;44.46;57.92
94.60;45.52;43.27;51.28;25.20;37.68;44.46;57.93
94.60;45.51;43.27;51.28;25.19;37.66;44.48;57.95
94.60;45.52;43.28;51.30;25.19;37.66;44.49;57.95
94.61;45.51;43.27;51.29;25.19;37.65;44.46;57.95
94.60;45.52;43.32;51.26;25.18;37.66;44.45;57.94
94.60;45.50;43.33;51.26;25.17;37.66;44.48;57.94
94.60;45.50;43.34;51.26;25.21;37.66;44.47;57.94
94.61;45.51;43.33;51.27;25.20;37.65;44.45;57.91
94.59;45.51;43.36;51.27;25.20;37.65;44.44;57.92
94.56;45.50;43.35;51.26;25.20;37.64;44.46;57.98
94.55;45.50;43.34;51.28;25.21;37.66;44.47;57.99
94.54;45.48;43.32;51.29;25.20;37.65;44.46;57.97
94.52;45.53;43.34;51.28;25.20;37.65;44.45;57.98
94.52;45.52;43.34;51.28;25.20;37.65;44.46;57.95
94.52;45.54;43.34;51.29;25.22;37.63;44.49;57.97
94.52;45.54;43.32;51.29;25.21;37.63;44.47;57.95
94.51;45.57;43.32;51.28;25.22;37.63;44.47;57.94
94.51;45.56;43.31;51.29;25.21;37.63;44.47;57.95
94.52;45.56;43.32;51.30;25.24;37.63;44.48;57.95
94.52;45.56;43.31;51.26;25.24;37.63;44.46;57.94
94.53;45.56;43.32;51.26;25.24;37.61;44.47;57.96
94.53;45.54;43.29;51.25;25.24;37.62;44.50;57.97
94.53;45.53;43.30;51.27;25.26;37.61;44.51;57.98
94.52;45.52;43.28;51.26;25.27;37.60;44.49;57.98
94.52;45.53;43.31;51.24;25.26;37.60;44.49;58.00
94.52;45.52;43.30;51.24;25.26;37.61;44.49;58.01
94.52;45.53;43.29;51.25;25.29;37.62;44.49;58.01
94.50;45.53;43.27;51.26;25.28;37.61;44.47;58.00
94.50;45.58;43.25;51.24;25.28;37.62;44.48;58.00
94.50;45.58;43.26;51.26;25.27;37.62;44.45;58.00
94.50;45.61;43.26;51.25;25.28;37.62;44.47;58.00
94.50;45.60;43.23;51.26;25.29;37.60;44.45;57.99
94.49;45.61;43.27;51.25;25.28;37.60;44.44;58.00
94.48;45.60;43.27;51.24;25.26;37.59;44.45;58.05
94.48;45.62;43.27;51.26;25.27;37.58;44.45;58.07
94.48;45.62;43.26;51.23;25.27;37.55;44.44;58.06
94.49;45.63;43.27;51.24;25.27;37.56;44.43;58.05
94.49;45.62;43.26;51.22;25.25;37.57;44.46;58.07
94.49;45.63;43.26;51.23;25.22;37.62;44.46;58.09
94.48;45.62;43.24;51.24;25.21;37.61;44.45;58.06
94.48;45.65;43.29;51.22;25.21;37.61;44.43;58.06
94.48;45.66;43.29;51.22;25.19;37.61;44.39;58.09
94.48;45.66;43.29;51.22;25.18;37.65;44.40;58.11
94.46;45.66;43.28;51.19;25.18;37.64;44.40;58.11
94.46;45.72;43.30;51.17;25.18;37.63;44.39;58.10
94.46;45.71;43.29;51.17;25.18;37.62;44.39;58.12
94.45;45.72;43.30;51.17;25.20;37.65;44.39;58.13
94.42;45.73;43.30;51.17;25.20;37.63;44.37;58.12
94.42;45.75;43.31;51.16;25.18;37.64;44.37;58.11
94.41;45.74;43.31;51.14;25.18;37.64;44.38;58.15
94.41;45.76;43.32;51.16;25.17;37.66;44.37;58.15
94.41;45.76;43.32;51.10;25.18;37.66;44.36;58.14
94.41;45.79;43.36;51.09;25.16;37.64;44.36;58.14
94.40;45.78;43.35;51.07;25.16;37.64;44.36;58.19
94.41;45.79;43.35;51.07;25.15;37.68;44.36;58.19
94.41;45.78;43.33;51.06;25.15;37.66;44.34;58.19
94.40;45.81;43.34;51.06;25.15;37.67;44.33;58.19
94.39;45.81;43.35;51.05;25.13;37.67;44.31;58.21
94.39;45.81;43.35;51.04;25.14;37.73;44.33;58.22
94.39;45.81;43.34;51.02;25.13;37.71;44.31;58.21
94.39;45.82;43.37;51.02;25.13;37.71;44.31;58.20
94.39;45.82;43.37;51.00;25.11;37.72;44.31;58.22
94.39;45.82;43.39;50.99;25.13;37.74;44.31;58.23
94.38;45.82;43.36;50.99;25.12;37.74;44.29;58.23
94.37;45.84;43.40;50.97;25.11;37.73;44.28;58.23
94.37;45.86;43.39;50.97;25.11;37.73;44.27;58.24
94.36;45.87;43.40;50.98;25.12;37.74;44.28;58.25
94.36;45.86;43.38;50.97;25.11;37.73;44.27;58.25
94.35;45.89;43.37;50.95;25.12;37.75;44.26;58.25
94.34;45.90;43.38;50.94;25.11;37.75;44.25;58.27
94.34;45.88;43.39;50.94;25.12;37.79;44.26;58.27
94.35;45.87;43.38;50.94;25.11;37.79;44.25;58.25
94.35;45.88;43.43;50.93;25.10;37.77;44.24;58.24
94.34;45.88;43.44;50.92;25.09;37.77;44.27;58.23
94.34;45.89;43.45;50.93;25.10;37.78;44.28;58.23
94.34;45.88;43.44;50.94;25.09;37.76;44.26;58.22
94.34;45.88;43.45;50.93;25.11;37.75;44.25;58.23
94.34;45.89;43.44;50.93;25.11;37.74;44.24;58.25
94.34;45.91;43.44;50.92;25.12;37.77;44.23;58.28
94.35;45.90;43.42;50.93;25.11;37.76;44.21;58.26
94.35;45.92;43.43;50.93;25.11;37.75;44.20;58.26
94.34;45.91;43.43;50.92;25.10;37.74;44.21;58.28
94.34;45.93;43.43;50.95;25.08;37.76;44.23;58.29
94.35;45.91;43.43;50.96;25.09;37.74;44.21;58.26
94.35;45.93;43.41;50.96;25.09;37.73;44.20;58.27
94.35;45.94;43.42;50.97;25.09;37.73;44.18;58.29
94.35;45.93;43.42;50.98;25.09;37.76;44.18;58.29
94.36;45.93;43.40;50.97;25.08;37.74;44.16;58.28
94.36;45.93;43.38;50.97;25.09;37.75;44.16;58.30
94.36;45.93;43.38;50.97;25.08;37.73;44.19;58.31
94.36;45.93;43.37;50.98;25.10;37.75;44.18;58.32
94.36;45.92;43.36;50.99;25.10;37.73;44.17;58.31
94.36;45.92;43.35;50.99;25.11;37.72;44.17;58.31
94.37;45.93;43.34;50.99;25.10;37.70;44.19;58.33
94.37;45.94;43.34;51.00;25.10;37.73;44.19;58.34
94.38;45.92;43.33;51.01;25.10;37.71;44.17;58.31
94.38;45.96;43.33;51.00;25.10;37.70;44.17;58.31
94.38;45.96;43.33;51.00;25.09;37.69;44.17;58.32
94.38;45.97;43.34;51.02;25.08;37.69;44.18;58.34
94.38;45.96;43.33;51.01;25.07;37.68;44.18;58.32
94.39;45.97;43.31;51.02;25.08;37.69;44.17;58.32
94.39;45.96;43.30;51.02;25.08;37.68;44.16;58.35
94.39;45.96;43.30;51.03;25.09;37.70;44.17;58.36
94.40;45.94;43.28;51.02;25.09;37.69;44.16;58.36
94.40;45.97;43.27;51.02;25.08;37.69;44.15;58.35
94.40;45.97;43.26;51.02;25.08;37.69;44.15;58.38
94.40;45.97;43.26;51.01;25.12;37.70;44.15;58.40
94.41;45.97;43.24;51.00;25.12;37.68;44.14;58.38
94.41;45.96;43.24;51.00;25.12;37.69;44.14;58.38
94.42;45.97;43.25;51.00;25.10;37.67;44.13;58.40
94.41;45.98;43.23;51.00;25.13;37.70;44.14;58.41
94.42;45.96;43.22;51.01;25.12;37.69;44.12;58.39
94.43;45.98;43.23;51.01;25.12;37.69;44.10;58.39
94.42;45.98;43.22;51.00;25.12;37.69;44.12;58.40
94.42;45.99;43.22;51.02;25.11;37.70;44.12;58.41
94.42;45.98;43.20;51.02;25.11;37.68;44.10;58.41
94.43;45.98;43.20;51.02;25.11;37.68;44.11;58.42
94.43;45.99;43.20;51.02;25.11;37.67;44.11;58.42
94.43;45.98;43.20;51.00;25.11;37.70;44.13;58.43
94.44;45.97;43.18;51.04;25.10;37.68;44.11;58.41
94.44;45.97;43.19;51.03;25.09;37.68;44.12;58.42
94.44;45.98;43.18;51.05;25.08;37.68;44.11;58.41
94.44;45.99;43.19;51.07;25.09;37.68;44.12;58.43
94.45;45.99;43.16;51.09;25.08;37.66;44.09;58.41
94.44;46.00;43.18;51.09;25.08;37.65;44.10;58.41
94.44;45.98;43.16;51.10;25.08;37.64;44.10;58.43
94.45;45.99;43.17;51.09;25.09;37.65;44.11;58.45
94.45;45.99;43.16;51.11;25.08;37.65;44.09;58.42
94.45;46.00;43.15;51.11;25.08;37.65;44.10;58.42
94.45;45.99;43.15;51.12;25.07;37.64;44.10;58.42
94.45;45.99;43.17;51.13;25.06;37.66;44.11;58.44
94.45;45.98;43.15;51.12;25.06;37.66;44.09;58.42
94.45;45.99;43.17;51.12;25.05;37.67;44.09;58.42
94.45;46.00;43.16;51.12;25.05;37.67;44.09;58.41
94.45;46.00;43.18;51.13;25.02;37.71;44.09;58.41
94.47;46.00;43.16;51.11;25.01;37.71;44.08;58.40
94.46;46.01;43.17;51.11;25.01;37.71;44.07;58.41
94.45;46.01;43.17;51.10;25.00;37.72;44.07;58.43
94.46;46.00;43.18;51.11;24.99;37.76;44.07;58.43
94.46;45.99;43.16;51.14;24.99;37.74;44.05;58.41
94.46;46.01;43.14;51.15;25.01;37.73;44.06;58.40
94.45;46.00;43.13;51.15;24.99;37.72;44.08;58.42
94.45;46.00;43.13;51.15;25.02;37.74;44.08;58.43
94.45;45.98;43.11;51.17;25.02;37.73;44.05;58.41
94.46;46.00;43.11;51.17;25.02;37.74;44.05;58.41
94.45;45.99;43.11;51.20;25.01;37.74;44.04;58.40
94.46;45.99;43.12;51.22;24.99;37.75;44.05;58.42
94.47;45.99;43.10;51.21;24.99;37.74;44.03;58.40
94.46;45.99;43.13;51.21;24.99;37.75;44.02;58.40
94.46;45.97;43.11;51.22;24.99;37.75;44.03;58.41
94.46;45.97;43.12;51.24;24.97;37.78;44.04;58.43
94.47;45.96;43.11;51.23;24.96;37.78;44.02;58.40
94.47;45.98;43.12;51.23;24.96;37.78;44.02;58.40
94.47;45.97;43.12;51.24;24.95;37.78;44.00;58.42
94.47;45.98;43.13;51.24;24.96;37.81;44.00;58.42
94.48;45.97;43.11;51.22;24.96;37.80;43.99;58.40
94.47;46.00;43.13;51.22;24.96;37.79;43.98;58.40
94.46;46.00;43.12;51.23;24.96;37.78;44.00;58.39
94.46;46.02;43.13;51.23;24.96;37.79;44.00;58.41
94.45;46.02;43.11;51.22;24.96;37.79;43.99;58.40
94.45;46.04;43.11;51.21;24.97;37.78;43.99;58.40
94.44;46.04;43.10;51.21;24.96;37.76;44.01;58.42
94.45;46.04;43.11;51.23;24.98;37.74;44.02;58.44
94.46;46.04;43.10;51.19;24.98;37.74;44.01;58.42
94.45;46.07;43.11;51.19;24.98;37.74;44.00;58.41
94.45;46.07;43.12;51.20;24.97;37.73;43.99;58.43
94.45;46.08;43.13;51.20;24.99;37.72;44.00;58.44
94.44;46.08;43.11;51.20;24.99;37.71;43.98;58.42
94.44;46.10;43.09;51.21;24.99;37.71;43.99;58.42
94.43;46.10;43.08;51.22;24.99;37.71;44.01;58.41
94.44;46.09;43.09;51.23;24.99;37.71;44.03;58.42
94.44;46.08;43.07;51.23;25.01;37.69;44.01;58.40
94.43;46.10;43.07;51.24;25.01;37.68;44.00;58.42
94.43;46.10;43.05;51.25;25.01;37.68;44.01;58.42
94.43;46.11;43.07;51.25;25.04;37.66;44.00;58.44
94.42;46.10;43.05;51.24;25.05;37.66;43.99;58.42
94.43;46.09;43.06;51.24;25.07;37.66;43.98;58.42
94.42;46.08;43.05;51.24;25.08;37.65;44.01;58.42
94.41;46.09;43.06;51.25;25.11;37.62;44.02;58.43
94.41;46.09;43.04;51.25;25.11;37.61;44.01;58.42
94.40;46.07;43.07;51.25;25.10;37.61;44.02;58.43
94.39;46.07;43.06;51.25;25.10;37.61;44.01;58.46
94.38;46.07;43.05;51.25;25.14;37.60;44.03;58.47
94.39;46.06;43.03;51.25;25.15;37.58;44.01;58.46
94.38;46.08;43.04;51.25;25.16;37.58;43.99;58.46
94.37;46.07;43.03;51.25;25.15;37.58;44.02;58.47
94.37;46.08;43.04;51.26;25.17;37.59;44.01;58.47
94.38;46.06;43.02;51.28;25.17;37.57;44.00;58.46
94.37;46.10;43.02;51.27;25.17;37.56;43.99;58.46
94.38;46.09;43.00;51.27;25.17;37.55;44.00;58.48
94.38;46.09;43.01;51.28;25.20;37.54;44.01;58.49
94.38;46.09;42.99;51.29;25.19;37.52;43.99;58.48
94.37;46.10;42.98;51.29;25.20;37.52;44.00;58.48
94.37;46.11;42.97;51.30;25.20;37.51;44.02;58.48
94.37;46.11;42.97;51.32;25.21;37.52;44.02;58.48
94.37;46.10;42.96;51.32;25.21;37.50;44.00;58.47
94.36;46.15;42.96;51.32;25.21;37.50;44.00;58.45
94.36;46.15;42.95;51.32;25.20;37.49;44.00;58.46
94.36;46.16;42.96;51.32;25.21;37.48;44.01;58.48
94.33;46.16;42.96;51.34;25.20;37.46;44.00;58.48
94.32;46.19;42.95;51.34;25.20;37.46;44.00;58.49
94.31;46.18;42.94;51.33;25.18;37.45;44.03;58.53
94.31;46.20;42.96;51.34;25.18;37.44;44.03;58.54
94.32;46.20;42.94;51.32;25.18;37.42;44.01;58.53
94.31;46.23;42.94;51.31;25.18;37.44;44.00;58.54
94.30;46.23;42.93;51.31;25.17;37.43;44.00;58.57
94.31;46.23;42.93;51.32;25.20;37.43;44.00;58.59
94.29;46.24;42.92;51.31;25.19;37.42;43.98;58.58
94.29;46.27;42.92;51.31;25.19;37.41;43.97;58.58
94.29;46.27;42.92;51.30;25.18;37.39;43.99;58.60
94.30;46.28;42.92;51.32;25.19;37.40;43.98;58.62
94.30;46.27;42.90;51.31;25.19;37.39;43.96;58.61
94.30;46.28;42.91;51.31;25.20;37.38;43.96;58.61
94.30;46.28;42.91;51.30;25.19;37.37;43.96;58.63
94.30;46.29;42.91;51.31;25.22;37.37;43.96;58.64
94.28;46.29;42.89;51.32;25.22;37.36;43.94;58.63
94.29;46.31;42.92;51.31;25.21;37.35;43.94;58.63
94.28;46.30;42.91;51.30;25.21;37.35;43.94;58.65
94.28;46.32;42.92;51.32;25.22;37.35;43.94;58.66
94.26;46.32;42.90;51.32;25.21;37.34;43.93;58.66
94.25;46.33;42.91;51.31;25.20;37.34;43.93;58.68
94.26;46.32;42.91;51.32;25.19;37.33;43.95;58.68
94.25;46.34;42.92;51.32;25.21;37.33;43.95;58.69
94.25;46.33;42.91;51.30;25.22;37.31;43.94;58.69
94.24;46.36;42.91;51.28;25.24;37.30;43.93;58.68
94.24;46.35;42.91;51.28;25.23;37.30;43.94;58.70
94.24;46.36;42.92;51.29;25.24;37.30;43.94;58.71
94.22;46.34;42.91;51.29;25.25;37.29;43.92;58.71
94.22;46.38;42.92;51.28;25.26;37.29;43.91;58.71
94.21;46.38;42.92;51.28;25.25;37.27;43.91;58.71
94.22;46.39;42.93;51.28;25.31;37.26;43.90;58.71
94.19;46.41;42.91;51.28;25.31;37.25;43.89;58.71
94.18;46.43;42.90;51.28;25.31;37.25;43.89;58.71
94.17;46.43;42.88;51.29;25.30;37.25;43.91;58.71
94.18;46.45;42.89;51.29;25.32;37.23;43.93;58.72
94.18;46.45;42.88;51.26;25.32;37.22;43.93;58.71
94.18;46.47;42.89;51.25;25.32;37.22;43.93;58.71
94.19;46.46;42.88;51.24;25.31;37.21;43.96;58.70
94.19;46.44;42.87;51.22;25.37;37.24;43.96;58.70
94.20;46.44;42.86;51.20;25.37;37.22;43.95;58.69
94.20;46.47;42.86;51.19;25.37;37.23;43.94;58.69
94.21;46.47;42.85;51.20;25.36;37.22;43.96;58.68
94.20;46.47;42.85;51.19;25.38;37.24;43.97;58.68
94.21;46.46;42.84;51.19;25.38;37.23;43.96;58.67
94.21;46.48;42.86;51.18;25.39;37.23;43.96;58.65
94.21;46.47;42.85;51.17;25.38;37.22;44.00;58.65
94.21;46.48;42.86;51.18;25.41;37.21;44.01;58.64
94.23;46.48;42.84;51.14;25.41;37.21;44.01;58.62
94.23;46.49;42.83;51.13;25.41;37.22;44.02;58.62
94.23;46.49;42.81;51.12;25.41;37.23;44.05;58.61
94.23;46.49;42.82;51.11;25.42;37.25;44.05;58.62
94.24;46.49;42.80;51.08;25.42;37.24;44.04;58.61
94.24;46.52;42.82;51.07;25.41;37.24;44.05;58.60
94.24;46.51;42.81;51.06;25.42;37.23;44.06;58.60
94.25;46.51;42.81;51.07;25.44;37.26;44.05;58.61
94.25;46.52;42.80;51.02;25.45;37.25;44.05;58.60
94.25;46.55;42.79;51.03;25.45;37.25;44.04;58.60
94.24;46.55;42.77;51.01;25.44;37.25;44.06;58.63
94.24;46.56;42.77;50.99;25.47;37.26;44.06;58.63
94.25;46.56;42.76;50.98;25.47;37.26;44.05;58.62
94.25;46.59;42.77;50.96;25.47;37.25;44.04;58.62
94.25;46.58;42.76;50.96;25.46;37.23;44.07;58.63
94.25;46.59;42.76;50.96;25.46;37.26;44.07;58.65
94.25;46.59;42.76;50.92;25.46;37.25;44.07;58.64
94.25;46.61;42.74;50.93;25.46;37.26;44.07;58.64
94.25;46.60;42.72;50.91;25.46;37.25;44.11;58.66
94.25;46.61;42.72;50.91;25.47;37.27;44.10;58.67
94.24;46.60;42.71;50.89;25.47;37.27;44.10;58.66
94.25;46.63;42.71;50.87;25.47;37.28;44.10;58.65
94.24;46.63;42.70;50.85;25.46;37.27;44.13;58.66
94.25;46.64;42.69;50.85;25.48;37.28;44.14;58.68
94.24;46.63;42.69;50.84;25.47;37.27;44.12;58.67
94.24;46.64;42.69;50.84;25.48;37.28;44.12;58.66
94.24;46.64;42.69;50.84;25.46;37.27;44.13;58.68
94.25;46.65;42.67;50.83;25.50;37.28;44.13;58.68
94.24;46.65;42.67;50.82;25.50;37.27;44.13;58.67
94.24;46.66;42.72;50.81;25.50;37.25;44.12;58.65
94.24;46.66;42.71;50.81;25.48;37.25;44.16;58.65
94.24;46.66;42.72;50.81;25.50;37.26;44.15;58.66
94.25;46.66;42.72;50.79;25.49;37.26;44.15;58.63
94.24;46.66;42.72;50.78;25.51;37.25;44.15;58.64
94.25;46.66;42.71;50.77;25.49;37.25;44.17;58.65
94.24;46.66;42.73;50.77;25.50;37.27;44.17;58.66
94.24;46.66;42.72;50.75;25.50;37.28;44.15;58.64
94.23;46.68;42.76;50.73;25.49;37.28;44.14;58.63
94.24;46.68;42.75;50.74;25.48;37.27;44.16;58.64
94.24;46.67;42.75;50.75;25.50;37.27;44.17;58.64
94.24;46.67;42.75;50.71;25.51;37.27;44.16;58.64
94.21;46.68;42.79;50.70;25.51;37.27;44.15;58.64
94.20;46.67;42.79;50.70;25.51;37.26;44.16;58.65
94.21;46.68;42.79;50.69;25.51;37.29;44.17;58.66
94.21;46.67;42.78;50.68;25.51;37.29;44.16;58.65
94.21;46.67;42.81;50.67;25.50;37.29;44.16;58.64
94.21;46.67;42.81;50.67;25.52;37.29;44.15;58.64
94.21;46.66;42.81;50.65;25.53;37.32;44.15;58.65
94.21;46.67;42.82;50.62;25.54;37.31;44.13;58.64
94.21;46.67;42.83;50.61;25.54;37.31;44.14;58.65
94.20;46.66;42.82;50.61;25.53;37.30;44.15;58.69
94.20;46.66;42.84;50.61;25.52;37.32;44.14;58.70
94.19;46.66;42.83;50.60;25.51;37.32;44.13;58.70
94.18;46.68;42.87;50.58;25.51;37.31;44.12;58.70
94.18;46.66;42.86;50.57;25.50;37.30;44.15;58.72
94.18;46.66;42.88;50.57;25.51;37.30;44.15;58.74
94.16;46.66;42.88;50.57;25.51;37.29;44.13;58.73
94.16;46.68;42.91;50.57;25.50;37.29;44.11;58.74
94.16;46.69;42.90;50.57;25.49;37.29;44.12;58.75
94.15;46.70;42.92;50.57;25.49;37.30;44.13;58.75
94.15;46.69;42.91;50.55;25.50;37.29;44.12;58.73
94.13;46.70;42.94;50.54;25.49;37.30;44.11;58.74
94.12;46.71;42.96;50.55;25.49;37.29;44.11;58.72
94.12;46.71;42.95;50.56;25.51;37.29;44.12;58.73
94.13;46.71;42.95;50.54;25.50;37.28;44.11;58.72
94.13;46.70;42.99;50.55;25.49;37.28;44.11;58.72
94.13;46.69;42.99;50.55;25.49;37.28;44.08;58.74
94.13;46.69;42.98;50.55;25.51;37.31;44.09;58.74
94.11;46.68;42.97;50.58;25.52;37.29;44.07;58.72
94.11;46.71;42.94;50.58;25.52;37.28;44.08;58.73
94.11;46.71;42.94;50.59;25.53;37.27;44.07;58.74
94.10;46.70;42.94;50.60;25.56;37.28;44.07;58.74
94.10;46.69;42.92;50.60;25.56;37.27;44.06;58.73
94.11;46.68;42.90;50.61;25.56;37.29;44.07;58.73
94.10;46.69;42.89;50.61;25.55;37.28;44.06;58.77
94.10;46.69;42.89;50.62;25.57;37.30;44.06;58.77
94.10;46.69;42.87;50.63;25.56;37.28;44.05;58.75
94.10;46.69;42.90;50.63;25.56;37.27;44.05;58.75
94.09;46.68;42.89;50.64;25.56;37.27;44.08;58.74
94.09;46.68;42.89;50.64;25.61;37.29;44.07;58.74
94.09;46.67;42.88;50.64;25.59;37.27;44.06;58.74
94.09;46.69;42.86;50.65;25.61;37.27;44.05;58.74
94.09;46.69;42.84;50.64;25.59;37.27;44.07;58.76
94.09;46.69;42.84;50.65;25.62;37.28;44.07;58.76
94.08;46.70;42.83;50.66;25.61;37.26;44.05;58.75
94.08;46.71;42.83;50.66;25.61;37.26;44.04;58.76
94.07;46.69;42.83;50.66;25.60;37.27;44.06;58.77
94.07;46.71;42.83;50.66;25.62;37.28;44.06;58.77
94.08;46.71;42.81;50.65;25.61;37.27;44.04;58.76
94.08;46.72;42.82;50.64;25.61;37.28;44.05;58.76
94.07;46.71;42.82;50.64;25.60;37.27;44.07;58.78
94.07;46.71;42.83;50.64;25.62;37.28;44.06;58.79
94.05;46.71;42.82;50.66;25.62;37.27;44.06;58.78
94.04;46.69;42.82;50.65;25.62;37.27;44.06;58.79
94.04;46.69;42.82;50.65;25.63;37.26;44.05;58.82
94.03;46.71;42.83;50.67;25.61;37.27;44.06;58.83
94.02;46.71;42.82;50.65;25.61;37.27;44.04;58.82
94.02;46.73;42.80;50.66;25.61;37.27;44.04;58.82
94.02;46.73;42.80;50.67;25.61;37.26;44.04;58.84
94.01;46.73;42.80;50.68;25.63;37.24;44.05;58.85
94.01;46.72;42.79;50.71;25.62;37.23;44.03;58.84
94.00;46.74;42.78;50.71;25.62;37.23;44.04;58.84
94.00;46.74;42.79;50.72;25.62;37.21;44.05;58.84
94.00;46.75;42.78;50.73;25.62;37.22;44.05;58.85
93.99;46.74;42.77;50.74;25.62;37.20;44.03;58.85
93.99;46.77;42.78;50.73;25.62;37.19;44.04;58.84
93.98;46.76;42.78;50.73;25.61;37.19;44.03;58.87
93.98;46.78;42.77;50.74;25.62;37.20;44.03;58.88
93.99;46.77;42.76;50.73;25.62;37.19;44.02;58.87
93.99;46.78;42.77;50.72;25.62;37.19;44.02;58.87
93.99;46.78;42.77;50.72;25.62;37.18;44.03;58.86
93.99;46.78;42.78;50.72;25.64;37.18;44.02;58.87
93.99;46.78;42.77;50.73;25.64;37.17;44.02;58.86
93.99;46.76;42.78;50.72;25.65;37.18;44.02;58.86
93.99;46.77;42.77;50.71;25.64;37.19;44.03;58.86
93.99;46.78;42.76;50.72;25.64;37.21;44.03;58.88
93.98;46.77;42.76;50.72;25.63;37.20;44.01;58.87
93.99;46.80;42.75;50.71;25.63;37.21;44.01;58.86
93.99;46.80;42.73;50.71;25.63;37.20;44.02;58.87
93.99;46.81;42.74;50.71;25.65;37.21;44.01;58.88
93.99;46.81;42.72;50.72;25.64;37.20;44.00;58.86
93.99;46.84;42.73;50.71;25.63;37.20;44.00;58.86
93.97;46.83;42.73;50.72;25.62;37.20;44.02;58.86
93.97;46.84;42.74;50.71;25.66;37.19;44.03;58.87
93.97;46.84;42.72;50.70;25.65;37.19;44.02;58.86
93.97;46.86;42.72;50.70;25.65;37.18;44.02;58.86
93.97;46.86;42.71;50.70;25.64;37.18;44.03;58.86
93.96;46.86;42.71;50.71;25.64;37.21;44.04;58.87
93.97;46.85;42.70;50.70;25.64;37.20;44.02;58.86
93.97;46.86;42.70;50.70;25.65;37.19;44.02;58.87
93.97;46.85;42.69;50.69;25.65;37.19;44.03;58.87
93.97;46.86;42.71;50.69;25.67;37.18;44.04;58.88
93.98;46.85;42.70;50.70;25.66;37.16;44.04;58.86
93.98;46.86;42.68;50.70;25.67;37.16;44.04;58.86
93.99;46.85;42.67;50.70;25.66;37.15;44.07;58.88
93.98;46.86;42.67;50.71;25.68;37.15;44.08;58.87
93.99;46.85;42.66;50.70;25.68;37.15;44.07;58.85
93.99;46.84;42.69;50.70;25.67;37.16;44.07;58.84
93.98;46.82;42.67;50.69;25.66;37.15;44.08;58.89
93.99;46.83;42.69;50.70;25.66;37.14;44.09;58.90
94.00;46.81;42.69;50.69;25.65;37.13;44.08;58.89
93.99;46.83;42.69;50.69;25.64;37.13;44.09;58.90
93.99;46.82;42.69;50.70;25.63;37.13;44.12;58.89
93.99;46.82;42.68;50.71;25.66;37.13;44.12;58.90
93.99;46.81;42.67;50.68;25.66;37.12;44.12;58.89
94.00;46.82;42.68;50.68;25.66;37.11;44.13;58.88
94.00;46.82;42.68;50.67;25.65;37.12;44.14;58.87
94.00;46.82;42.68;50.69;25.65;37.13;44.14;58.88
94.00;46.81;42.67;50.68;25.66;37.12;44.13;58.87
94.01;46.80;42.67;50.67;25.66;37.13;44.14;58.89
94.01;46.79;42.66;50.66;25.66;37.13;44.16;58.89
94.01;46.79;42.66;50.67;25.68;37.12;44.17;58.90
94.01;46.78;42.65;50.67;25.69;37.11;44.16;58.88
94.01;46.78;42.65;50.66;25.70;37.12;44.16;58.89
94.01;46.77;42.65;50.65;25.71;37.10;44.18;58.88
94.01;46.77;42.65;50.66;25.70;37.12;44.20;58.88
94.02;46.76;42.64;50.67;25.69;37.10;44.19;58.86
94.02;46.75;42.64;50.67;25.70;37.11;44.19;58.87
94.02;46.75;42.64;50.66;25.70;37.11;44.22;58.85
94.03;46.75;42.64;50.66;25.71;37.14;44.22;58.85
94.03;46.74;42.63;50.67;25.70;37.13;44.22;58.83
94.03;46.72;42.63;50.67;25.71;37.14;44.21;58.84
94.04;46.72;42.63;50.66;25.71;37.13;44.25;58.83
94.03;46.72;42.63;50.66;25.72;37.18;44.24;58.83
94.04;46.71;42.61;50.65;25.71;37.17;44.23;58.82
94.04;46.72;42.59;50.65;25.72;37.18;44.23;58.83
94.04;46.71;42.60;50.65;25.71;37.18;44.23;58.84
94.04;46.73;42.61;50.65;25.71;37.18;44.24;58.84
94.04;46.72;42.61;50.65;25.70;37.17;44.23;58.82
94.04;46.73;42.60;50.65;25.69;37.18;44.24;58.84
94.04;46.73;42.59;50.65;25.68;37.18;44.24;58.84
94.04;46.73;42.59;50.65;25.69;37.19;44.25;58.85
94.05;46.73;42.58;50.63;25.69;37.19;44.24;58.83
94.05;46.73;42.58;50.62;25.71;37.20;44.24;58.84
94.06;46.71;42.57;50.62;25.70;37.19;44.25;58.86
94.06;46.70;42.58;50.62;25.73;37.21;44.25;58.85
94.07;46.70;42.56;50.61;25.72;37.20;44.24;58.84
94.07;46.70;42.58;50.61;25.72;37.21;44.24;58.84
94.07;46.69;42.57;50.61;25.72;37.21;44.24;58.85
94.07;46.68;42.56;50.61;25.73;37.23;44.25;58.85
94.07;46.68;42.55;50.59;25.73;37.23;44.25;58.85
94.08;46.68;42.55;50.59;25.73;37.23;44.25;58.85
94.08;46.67;42.54;50.59;25.73;37.22;44.28;58.86
94.08;46.67;42.54;50.60;25.75;37.23;44.27;58.87
94.09;46.66;42.53;50.59;25.75;37.22;44.26;58.86
94.09;46.68;42.51;50.59;25.75;37.23;44.25;58.86
94.09;46.69;42.50;50.59;25.74;37.22;44.27;58.86
94.09;46.68;42.49;50.60;25.74;37.26;44.28;58.87
94.10;46.68;42.47;50.59;25.73;37.25;44.26;58.86
94.10;46.71;42.47;50.60;25.72;37.23;44.26;58.86
94.11;46.71;42.46;50.60;25.72;37.23;44.27;58.86
94.11;46.72;42.47;50.60;25.72;37.23;44.29;58.87
94.11;46.72;42.46;50.58;25.71;37.22;44.29;58.85
94.11;46.73;42.46;50.57;25.71;37.23;44.29;58.86
94.11;46.73;42.46;50.58;25.71;37.22;44.30;58.85
94.12;46.75;42.46;50.59;25.69;37.23;44.30;58.86
94.12;46.75;42.46;50.55;25.69;37.23;44.30;58.85
94.12;46.75;42.48;50.55;25.69;37.23;44.29;58.85
94.12;46.74;42.48;50.55;25.68;37.23;44.29;58.88
94.12;46.75;42.48;50.55;25.68;37.23;44.30;58.88
94.13;46.73;42.47;50.56;25.67;37.22;44.30;58.87
94.13;46.73;42.50;50.56;25.67;37.21;44.30;58.86
94.13;46.73;42.49;50.55;25.67;37.21;44.33;58.85
94.13;46.74;42.48;50.56;25.67;37.23;44.33;58.86
94.13;46.73;42.47;50.58;25.66;37.22;44.32;58.84
94.13;46.75;42.47;50.58;25.66;37.21;44.32;58.84
94.13;46.76;42.47;50.59;25.66;37.19;44.33;58.83
94.13;46.76;42.48;50.61;25.68;37.19;44.33;58.83
94.13;46.75;42.46;50.61;25.67;37.19;44.32;58.81
94.14;46.75;42.48;50.62;25.66;37.20;44.31;58.81
94.14;46.74;42.47;50.61;25.66;37.20;44.32;58.81
94.14;46.74;42.48;50.61;25.66;37.23;44.33;58.82
94.14;46.73;42.47;50.60;25.66;37.22;44.32;58.80
94.14;46.75;42.48;50.59;25.65;37.21;44.34;58.79
94.14;46.75;42.47;50.58;25.64;37.21;44.35;58.80
94.15;46.76;42.48;50.58;25.65;37.21;44.37;58.81
94.15;46.75;42.47;50.58;25.64;37.21;44.35;58.80
94.15;46.77;42.47;50.58;25.64;37.20;44.36;58.80
94.15;46.76;42.47;50.58;25.63;37.19;44.37;58.81
94.15;46.75;42.46;50.58;25.66;37.21;44.38;58.81
94.15;46.75;42.46;50.57;25.65;37.20;44.37;58.79
94.15;46.77;42.46;50.56;25.65;37.20;44.37;58.79
94.16;46.76;42.46;50.56;25.65;37.20;44.38;58.78
94.16;46.77;42.47;50.56;25.64;37.23;44.38;58.79
94.16;46.76;42.45;50.57;25.63;37.23;44.37;58.77
94.17;46.79;42.45;50.56;25.62;37.23;44.37;58.77
94.16;46.79;42.45;50.56;25.62;37.23;44.38;58.76
94.16;46.79;42.46;50.57;25.62;37.24;44.39;58.76
94.16;46.79;42.46;50.54;25.62;37.24;44.38;58.75
94.16;46.79;42.47;50.53;25.61;37.25;44.40;58.75
94.16;46.79;42.46;50.53;25.61;37.23;44.42;58.75
94.16;46.79;42.46;50.54;25.61;37.25;44.43;58.76
94.17;46.80;42.45;50.53;25.60;37.24;44.41;58.75
94.17;46.81;42.46;50.53;25.60;37.24;44.41;58.75
94.17;46.81;42.46;50.53;25.59;37.24;44.39;58.77
94.17;46.81;42.46;50.55;25.59;37.23;44.41;58.78
94.18;46.80;42.46;50.56;25.58;37.22;44.39;58.76
94.18;46.79;42.46;50.56;25.58;37.23;44.39;58.76
94.18;46.78;42.45;50.56;25.58;37.23;44.40;58.78
94.18;46.78;42.45;50.56;25.58;37.26;44.41;58.78
94.19;46.77;42.44;50.55;25.58;37.24;44.40;58.77
94.19;46.76;42.46;50.55;25.58;37.25;44.39;58.78
94.20;46.75;42.44;50.55;25.58;37.25;44.39;58.80
94.20;46.76;42.44;50.56;25.58;37.25;44.40;58.81
94.20;46.75;42.44;50.55;25.57;37.25;44.38;58.81
94.20;46.75;42.44;50.55;25.57;37.25;44.38;58.82
94.20;46.75;42.44;50.54;25.56;37.25;44.40;58.82
94.20;46.75;42.44;50.55;25.59;37.25;44.41;58.82
94.20;46.73;42.44;50.54;25.58;37.24;44.40;58.81
94.20;46.74;42.45;50.54;25.59;37.23;44.40;58.81
94.20;46.74;42.45;50.54;25.59;37.23;44.40;58.82
94.21;46.74;42.46;50.54;25.60;37.23;44.40;58.83
94.21;46.74;42.44;50.53;25.59;37.22;44.39;58.82
94.22;46.75;42.45;50.52;25.59;37.22;44.40;58.81
94.21;46.74;42.44;50.52;25.58;37.21;44.41;58.84
94.21;46.74;42.45;50.52;25.58;37.23;44.42;58.84
94.22;46.73;42.45;50.52;25.58;37.23;44.40;58.83
94.22;46.74;42.45;50.52;25.58;37.23;44.41;58.83
94.22;46.74;42.44;50.52;25.57;37.22;44.44;58.80
94.22;46.74;42.44;50.51;25.59;37.24;44.45;58.82
94.23;46.73;42.43;50.49;25.59;37.24;44.44;58.81
94.23;46.75;42.44;50.49;25.58;37.24;44.43;58.81
94.23;46.74;42.43;50.49;25.58;37.23;44.46;58.81
94.23;46.74;42.42;50.49;25.57;37.26;44.47;58.82
94.23;46.73;42.40;50.48;25.57;37.25;44.46;58.82
94.23;46.74;42.41;50.48;25.56;37.26;44.46;58.82
94.24;46.73;42.40;50.48;25.56;37.25;44.47;58.84
94.24;46.73;42.41;50.48;25.55;37.27;44.47;58.84
94.24;46.73;42.39;50.48;25.55;37.26;44.46;58.84
94.24;46.74;42.41;50.48;25.55;37.27;44.45;58.82
94.23;46.73;42.40;50.49;25.54;37.27;44.46;58.84
94.23;46.73;42.40;50.49;25.54;37.29;44.47;58.83
94.22;46.73;42.39;50.52;25.53;37.28;44.46;58.82
94.21;46.73;42.41;50.52;25.53;37.28;44.45;58.82
94.21;46.72;42.41;50.53;25.52;37.28;44.47;58.82
94.20;46.72;42.42;50.54;25.51;37.32;44.47;58.83
94.21;46.72;42.41;50.55;25.50;37.30;44.46;58.80
94.21;46.73;42.42;50.54;25.50;37.31;44.46;58.80
94.21;46.74;42.43;50.55;25.49;37.30;44.46;58.80
94.21;46.74;42.43;50.54;25.49;37.32;44.48;58.79
94.21;46.73;42.42;50.53;25.49;37.31;44.46;58.79
94.21;46.73;42.42;50.53;25.49;37.31;44.46;58.81
94.21;46.73;42.42;50.53;25.48;37.31;44.47;58.80
94.21;46.74;42.43;50.53;25.50;37.32;44.48;58.80
94.21;46.73;42.42;50.54;25.49;37.30;44.47;58.79
94.20;46.74;42.42;50.55;25.50;37.30;44.47;58.79
94.20;46.75;42.41;50.55;25.50;37.31;44.45;58.79
94.20;46.75;42.42;50.56;25.49;37.33;44.45;58.80
94.20;46.75;42.40;50.56;25.48;37.33;44.44;58.79
94.20;46.75;42.40;50.57;25.47;37.33;44.44;58.80
94.20;46.76;42.39;50.58;25.46;37.33;44.45;58.79
94.20;46.76;42.39;50.58;25.46;37.35;44.46;58.79
94.21;46.75;42.38;50.59;25.46;37.34;44.45;58.78
94.21;46.76;42.38;50.59;25.45;37.34;44.44;58.78
94.21;46.75;42.37;50.58;25.44;37.34;44.48;58.78
94.21;46.75;42.39;50.59;25.43;37.37;44.49;58.78
94.20;46.74;42.38;50.59;25.42;37.38;44.47;58.77
94.20;46.74;42.39;50.58;25.42;37.38;44.48;58.77
94.20;46.75;42.39;50.58;25.41;37.37;44.51;58.75
94.20;46.76;42.39;50.59;25.41;37.38;44.52;58.75
94.19;46.76;42.38;50.61;25.41;37.38;44.50;58.73
94.19;46.77;42.37;50.61;25.41;37.37;44.50;58.74
94.19;46.76;42.35;50.62;25.40;37.37;44.52;58.75
94.19;46.77;42.35;50.63;25.40;37.39;44.52;58.75
94.17;46.76;42.34;50.66;25.39;37.37;44.51;58.75
94.17;46.75;42.33;50.66;25.39;37.38;44.51;58.76
94.17;46.74;42.34;50.66;25.38;37.38;44.54;58.75
94.17;46.74;42.34;50.66;25.38;37.39;44.56;58.75
94.18;46.73;42.33;50.67;25.38;37.38;44.54;58.73
94.18;46.73;42.34;50.67;25.39;37.38;44.56;58.73
94.17;46.72;42.34;50.67;25.38;37.37;44.56;58.74
94.17;46.73;42.34;50.68;25.41;37.35;44.57;58.74
94.18;46.73;42.33;50.66;25.41;37.34;44.58;58.73
94.18;46.74;42.35;50.65;25.41;37.34;44.57;58.72
94.18;46.73;42.34;50.65;25.40;37.34;44.59;58.74
94.18;46.74;42.33;50.63;25.42;37.33;44.61;58.76
94.18;46.73;42.33;50.61;25.42;37.33;44.60;58.75
94.18;46.75;42.32;50.61;25.42;37.33;44.59;58.75
94.18;46.75;42.31;50.60;25.41;37.32;44.61;58.76
94.18;46.76;42.32;50.60;25.44;37.32;44.62;58.76
94.18;46.75;42.31;50.58;25.44;37.31;44.61;58.77
94.18;46.79;42.30;50.58;25.43;37.30;44.61;58.77
94.18;46.79;42.30;50.58;25.43;37.30;44.64;58.74
94.18;46.80;42.30;50.59;25.44;37.30;44.65;58.75
94.18;46.79;42.29;50.58;25.43;37.29;44.64;58.74
94.19;46.81;42.29;50.58;25.43;37.29;44.65;58.73
94.18;46.81;42.28;50.57;25.43;37.28;44.69;58.72
94.18;46.81;42.28;50.57;25.46;37.26;44.71;58.73
94.19;46.80;42.27;50.56;25.46;37.26;44.69;58.72
94.19;46.80;42.27;50.56;25.47;37.25;44.70;58.72
94.19;46.80;42.27;50.55;25.46;37.25;44.72;58.72
94.20;46.79;42.26;50.55;25.47;37.27;44.72;58.73
94.20;46.78;42.25;50.56;25.46;37.27;44.71;58.72
94.20;46.78;42.25;50.56;25.46;37.27;44.71;58.72
94.20;46.77;42.24;50.56;25.45;37.26;44.74;58.74
94.20;46.78;42.24;50.57;25.47;37.26;44.75;58.74
94.20;46.78;42.23;50.56;25.46;37.25;44.74;58.73
94.19;46.79;42.25;50.56;25.46;37.24;44.73;58.74
94.19;46.79;42.25;50.55;25.45;37.23;44.76;58.74
94.19;46.79;42.24;50.55;25.47;37.24;44.76;58.75
94.19;46.78;42.22;50.54;25.48;37.24;44.75;58.75
94.19;46.80;42.21;50.54;25.48;37.24;44.75;58.75
94.18;46.79;42.21;50.53;25.48;37.23;44.77;58.76
94.19;46.80;42.22;50.54;25.47;37.24;44.78;58.77
94.19;46.80;42.21;50.55;25.46;37.23;44.77;58.75
94.19;46.81;42.20;50.54;25.47;37.23;44.77;58.74
94.19;46.81;42.19;50.54;25.46;37.22;44.79;58.76
94.19;46.81;42.21;50.54;25.48;37.21;44.80;58.76
94.20;46.80;42.19;50.55;25.48;37.21;44.78;58.74
94.19;46.82;42.20;50.54;25.48;37.22;44.78;58.73
94.20;46.83;42.19;50.56;25.47;37.21;44.77;58.73
94.20;46.84;42.21;50.56;25.46;37.22;44.77;58.74
94.20;46.83;42.20;50.56;25.45;37.22;44.76;58.73
94.20;46.83;42.21;50.56;25.45;37.22;44.75;58.74
94.19;46.83;42.21;50.56;25.44;37.22;44.75;58.76
94.19;46.83;42.22;50.57;25.44;37.22;44.76;58.76
94.20;46.82;42.21;50.56;25.44;37.22;44.75;58.76
94.20;46.85;42.20;50.56;25.44;37.21;44.74;58.76
94.19;46.84;42.20;50.56;25.44;37.21;44.74;58.77
94.19;46.85;42.20;50.56;25.45;37.22;44.74;58.78
94.20;46.85;42.19;50.56;25.44;37.22;44.72;58.77
94.20;46.86;42.21;50.55;25.45;37.21;44.72;58.77
94.19;46.87;42.20;50.55;25.45;37.21;44.71;58.78
94.19;46.88;42.20;50.55;25.46;37.23;44.71;58.78
94.19;46.87;42.19;50.54;25.46;37.23;44.70;58.77
94.19;46.88;42.19;50.54;25.46;37.22;44.72;58.77
94.19;46.88;42.19;50.55;25.46;37.23;44.69;58.77
94.19;46.88;42.18;50.55;25.48;37.24;44.70;58.77
94.19;46.87;42.18;50.55;25.48;37.23;44.69;58.77
94.19;46.90;42.17;50.55;25.48;37.22;44.69;58.76
94.20;46.90;42.16;50.55;25.48;37.23;44.68;58.76
94.20;46.89;42.17;50.56;25.50;37.24;44.68;58.77
94.20;46.88;42.16;50.59;25.49;37.22;44.66;58.75
94.20;46.88;42.18;50.59;25.48;37.22;44.66;58.75
94.20;46.88;42.17;50.59;25.48;37.21;44.66;58.77
94.20;46.88;42.18;50.59;25.51;37.21;44.65;58.78
94.21;46.87;42.17;50.60;25.50;37.20;44.64;58.76
94.21;46.89;42.16;50.60;25.50;37.20;44.64;58.76
94.21;46.89;42.16;50.60;25.50;37.19;44.64;58.77
94.21;46.89;42.16;50.60;25.52;37.20;44.63;58.78
94.20;46.88;42.15;50.62;25.51;37.19;44.62;58.77
94.21;46.90;42.14;50.63;25.52;37.19;44.62;58.77
94.20;46.90;42.13;50.64;25.51;37.18;44.63;58.77
94.21;46.90;42.12;50.65;25.52;37.20;44.63;58.78
94.21;46.89;42.10;50.65;25.52;37.19;44.62;58.77
94.20;46.89;42.12;50.65;25.51;37.19;44.62;58.77
94.21;46.90;42.12;50.64;25.51;37.19;44.61;58.77
94.21;46.90;42.14;50.66;25.51;37.18;44.63;58.78
94.22;46.90;42.13;50.65;25.50;37.17;44.61;58.78
94.22;46.90;42.15;50.64;25.50;37.16;44.61;58.78
94.22;46.91;42.15;50.66;25.50;37.16;44.61;58.77
94.22;46.92;42.16;50.66;25.50;37.14;44.62;58.78
94.23;46.91;42.15;50.66;25.50;37.14;44.61;58.76
94.23;46.92;42.13;50.67;25.50;37.14;44.61;58.78
94.23;46.92;42.13;50.67;25.50;37.14;44.61;58.77
94.23;46.93;42.12;50.67;25.50;37.13;44.63;58.79
94.23;46.92;42.11;50.68;25.50;37.13;44.61;58.77
94.24;46.92;42.16;50.67;25.49;37.12;44.61;58.77
94.23;46.90;42.15;50.67;25.48;37.11;44.62;58.79
94.23;46.91;42.15;50.67;25.49;37.12;44.62;58.79
94.24;46.91;42.14;50.68;25.48;37.12;44.61;58.78
94.23;46.91;42.13;50.69;25.49;37.12;44.61;58.79
94.23;46.89;42.13;50.69;25.49;37.11;44.62;58.81
94.23;46.89;42.13;50.69;25.50;37.11;44.63;58.82
94.23;46.89;42.12;50.68;25.49;37.10;44.62;58.81
94.23;46.90;42.13;50.68;25.48;37.10;44.62;58.82
94.23;46.89;42.12;50.68;25.48;37.10;44.64;58.82
94.23;46.89;42.13;50.67;25.49;37.11;44.65;58.83
94.23;46.88;42.12;50.67;25.49;37.10;44.64;58.82
94.23;46.88;42.14;50.67;25.48;37.10;44.64;58.82
94.23;46.89;42.13;50.67;25.48;37.09;44.65;58.82
94.24;46.89;42.14;50.67;25.48;37.11;44.66;58.83
94.24;46.88;42.12;50.70;25.47;37.09;44.64;58.81
94.24;46.85;42.15;50.70;25.47;37.09;44.64;58.82
94.24;46.84;42.14;50.70;25.46;37.08;44.67;58.83
94.24;46.85;42.14;50.69;25.47;37.10;44.67;58.83
94.24;46.85;42.13;50.69;25.47;37.09;44.66;58.83
94.24;46.83;42.13;50.70;25.47;37.09;44.67;58.82
94.24;46.82;42.14;50.70;25.47;37.09;44.66;58.85
94.24;46.83;42.14;50.69;25.48;37.10;44.67;58.85
94.24;46.83;42.13;50.70;25.48;37.09;44.65;58.83
94.25;46.84;42.13;50.69;25.47;37.09;44.66;58.83
94.25;46.83;42.13;50.68;25.47;37.09;44.68;58.84
94.25;46.83;42.13;50.69;25.47;37.09;44.69;58.84
94.25;46.83;42.12;50.69;25.46;37.09;44.68;58.83
94.26;46.85;42.13;50.70;25.46;37.08;44.67;58.82
94.26;46.84;42.12;50.69;25.46;37.08;44.69;58.82
94.26;46.85;42.13;50.70;25.47;37.08;44.70;58.82
94.26;46.84;42.12;50.70;25.47;37.07;44.68;58.81
94.26;46.83;42.12;50.70;25.47;37.08;44.68;58.82
94.26;46.82;42.11;50.71;25.46;37.08;44.69;58.82
94.27;46.82;42.11;50.70;25.46;37.11;44.69;58.84
94.26;46.82;42.10;50.71;25.45;37.10;44.68;58.83
94.26;46.82;42.13;50.72;25.45;37.10;44.68;58.82
94.26;46.81;42.13;50.73;25.45;37.09;44.67;58.82
94.26;46.81;42.13;50.74;25.45;37.11;44.68;58.83
94.26;46.81;42.12;50.75;25.45;37.10;44.66;58.82
94.25;46.80;42.14;50.75;25.44;37.11;44.65;58.82
94.24;46.79;42.14;50.76;25.44;37.11;44.66;58.82
94.24;46.77;42.14;50.76;25.47;37.14;44.66;58.82
94.24;46.76;42.13;50.76;25.47;37.13;44.65;58.81
94.23;46.77;42.15;50.76;25.47;37.14;44.65;58.81
94.22;46.76;42.14;50.76;25.46;37.14;44.65;58.83
94.23;46.76;42.15;50.76;25.46;37.14;44.66;58.83
94.23;46.76;42.14;50.77;25.46;37.13;44.65;58.82
94.22;46.76;42.17;50.77;25.46;37.14;44.64;58.81
94.22;46.77;42.16;50.76;25.46;37.13;44.64;58.82
94.22;46.77;42.16;50.76;25.47;37.14;44.65;58.83
94.22;46.77;42.15;50.77;25.47;37.13;44.64;58.81
94.22;46.77;42.18;50.76;25.47;37.13;44.64;58.81
94.22;46.77;42.17;50.75;25.46;37.13;44.65;58.81
94.22;46.78;42.17;50.75;25.47;37.13;44.65;58.82
94.22;46.77;42.17;50.74;25.48;37.12;44.64;58.80
94.22;46.75;42.20;50.74;25.48;37.12;44.63;58.81
94.22;46.75;42.20;50.73;25.48;37.12;44.63;58.84
94.22;46.75;42.20;50.73;25.50;37.12;44.63;58.84
94.22;46.74;42.19;50.75;25.50;37.11;44.62;58.83
94.22;46.75;42.21;50.75;25.51;37.11;44.60;58.81
94.22;46.75;42.21;50.75;25.51;37.11;44.59;58.83
94.23;46.76;42.20;50.76;25.50;37.12;44.59;58.84
94.23;46.75;42.19;50.78;25.50;37.11;44.58;58.83
94.22;46.77;42.19;50.77;25.49;37.12;44.57;58.83
94.22;46.76;42.19;50.77;25.49;37.12;44.56;58.84
94.22;46.77;42.19;50.77;25.49;37.15;44.57;58.84
94.22;46.75;42.18;50.79;25.49;37.14;44.56;58.83
94.22;46.75;42.18;50.79;25.49;37.13;44.57;58.84
94.23;46.74;42.17;50.78;25.49;37.12;44.57;58.86
94.22;46.74;42.17;50.77;25.51;37.14;44.58;58.86
94.23;46.73;42.16;50.77;25.51;37.13;44.57;58.85
94.22;46.74;42.16;50.76;25.51;37.15;44.56;58.86
94.22;46.73;42.15;50.76;25.50;37.13;44.58;58.88
94.22;46.74;42.16;50.76;25.52;37.14;44.58;58.88
94.22;46.74;42.16;50.74;25.52;37.13;44.57;58.87
94.22;46.74;42.17;50.74;25.53;37.13;44.58;58.86
94.22;46.73;42.17;50.76;25.52;37.12;44.60;58.86
94.22;46.74;42.18;50.76;25.52;37.12;44.61;58.87
94.22;46.73;42.17;50.75;25.52;37.11;44.60;58.86
94.21;46.72;42.19;50.74;25.52;37.10;44.61;58.86
94.21;46.71;42.19;50.74;25.52;37.11;44.61;58.87
94.21;46.71;42.19;50.74;25.54;37.12;44.61;58.88
94.21;46.70;42.18;50.75;25.53;37.11;44.61;58.87
94.22;46.72;42.19;50.74;25.52;37.11;44.60;58.86
94.21;46.71;42.19;50.73;25.52;37.10;44.62;58.88
94.21;46.72;42.19;50.73;25.52;37.10;44.63;58.89
94.21;46.71;42.20;50.73;25.52;37.09;44.62;58.88
94.22;46.72;42.19;50.73;25.52;37.08;44.63;58.87
94.22;46.71;42.19;50.72;25.51;37.08;44.64;58.89
94.22;46.70;42.19;50.72;25.55;37.07;44.64;58.90
94.22;46.70;42.19;50.70;25.55;37.07;44.64;58.90
94.21;46.72;42.18;50.70;25.55;37.07;44.64;58.91
94.21;46.71;42.17;50.69;25.54;37.05;44.66;58.93
94.21;46.72;42.19;50.70;25.52;37.06;44.67;58.94
94.21;46.72;42.18;50.67;25.51;37.06;44.67;58.93
94.21;46.73;42.20;50.67;25.51;37.05;44.66;58.94
94.21;46.72;42.20;50.67;25.50;37.04;44.69;58.94
94.21;46.72;42.21;50.66;25.51;37.05;44.69;58.95
94.22;46.72;42.19;50.65;25.51;37.04;44.68;58.94
94.22;46.72;42.21;50.64;25.51;37.04;44.69;58.93
